tree
version=v4
num_class=1
num_tree_per_iteration=1
label_index=0
max_feature_idx=22
objective=binary sigmoid:1
feature_names=wr1 gap ret60 cmv ftr amount turn_d0 vr_d0 vr_prev pct_prev intraday amplitude seal_hard close_ret amt_rank_pct ind_boards streak_prev mkt_boards_n mkt_chain_n mkt_max_streak zha_rate promo_yd sw_l2
feature_infos=[0:1.0000000000000007] [-0.10465116279069764:0.10588235294117654] [-0.67999999999999994:3.9748743718592969] [36636.599999999999:129375740.17659999] [0.1547:63.237099999999998] [2935361:15537735137.049999] [0.039300000000000002:47.156700000000001] [0.029999999999999999:22.719999999999999] [0.28000000000000003:16.620000000000001] [-10.416666666666663:9.4972067039106101] [-0.0044800000000000178:0.20930232558139528] [0:0.20930232558139528] [0:1] [0.095008051529790638:0.10588235294117654] [0.0014513788098693759:1] [1:51] [0:13] [5:890] [0:314] [1:14] [0:0.80158730158730163] [0:0.85245901639344257] -1:69:5:116:54:30:90:86:1:0:15:115:72:31:113:45:64:28:37:107:49:89:13:23:108:32:14:99:83:80:52:7:43:20:88:2:44:48:53:105:26:35:75:120:46:17:34:103:106:36:61:42:60:67:58:82:96:125:18:39:114:74:10:51:95:9:50:93:98:33:59:117:22:84:57:55:123:124:68:111:112:128:63:104:47:94:19:79:87:91:119:40:66:85:109:76:3:56:77:8:127:70:126:110:121:29:122:78:92:25:6:81:100:73:118:4:27:101:102:65:11:38:12:62:41:16:21:24:97
tree_sizes=3459 3569 3543 3547 3537 3538 3560 3542 3580 3580 3566 3594 3579 3572 3586 3574 3569 3573 3561 3593 3558

Tree=0
num_leaves=31
num_cat=4
split_feature=0 15 11 22 22 14 5 3 2 1 10 19 20 17 14 7 2 14 7 13 22 0 19 17 21 5 20 7 22 13
split_gain=154.461 99.3309 90.4737 64.0008 61.4441 48.6846 42.5637 31.632 29.0626 26.5337 24.327 24.4309 24.0752 23.369 19.2319 17.5492 17.4161 16.5023 16.2782 16.2203 15.066 15.0527 14.2755 14.1184 13.7042 15.5569 12.2473 12.2048 12.2011 13.6536
threshold=0.42561038610902702 25.500000000000004 1.0000000180025095e-35 0 1 0.38133250397401347 413903722.36000007 557067.51305000007 -0.47077470166023078 0.089150432900432799 0.016798805699672775 9.5000000000000018 0.26568627450980398 151.00000000000003 0.91327849588719168 1.7650000000000003 -0.40285817983849004 0.091616870010885351 1.7150000000000001 0.10038610038610053 2 0.27238626010095318 8.5000000000000018 73.500000000000014 0.37581168831168837 174819305.75000003 0.26111660079051385 1.3650000000000004 3 0.10040160642570285
decision_type=2 2 2 9 9 2 2 2 2 2 2 2 2 2 2 2 2 2 2 2 9 2 2 2 2 2 2 2 9 2
left_child=4 2 -2 14 10 9 -3 13 -7 12 -1 16 19 20 15 24 -12 -14 -15 -6 -5 -18 -16 -13 25 -4 -26 -9 29 -17
right_child=1 6 3 7 5 8 -8 27 -10 -11 11 23 17 18 22 28 21 -19 -20 -21 -22 -23 -24 -25 26 -27 -28 -29 -30 -31
leaf_value=-0.97726419021969613 -0.95305197582211731 -1.0245865458077916 -0.97651195003185742 -1.0566513333304124 -1.0849543841631384 -1.0049237499375088 -0.89299517745973844 -1.0382121781860154 -1.0841212148582784 -1.0095280810159031 -1.0008247722701578 -1.0402159476534012 -1.0076546938083812 -1.0193767451925884 -1.0738054516198428 -1.0557776897507614 -1.0632797989444438 -1.0539964318677446 -1.0935543825233385 -1.038708980533301 -1.028941016171556 -1.0280941343407997 -1.0134903470948913 -0.95870777673812568 -0.99444051506350917 -1.0307326700358654 -0.92560033411893139 -1.0727071772966037 -1.0170811175441408 -0.99497294231084732
leaf_weight=13.820106625556944 29.943564355373383 9.5972962677478808 19.386538460850716 67.373019799590111 103.26690784096718 11.900647372007368 17.083187356591225 29.943564355373383 435.14141277968884 28.024105101823807 15.73956587910652 9.5972962677478808 23.03351104259491 9.5972962677478773 29.175780653953552 59.119345009326935 140.69636328518391 115.74339298903942 32.246915459632874 23.225456967949867 172.55938689410686 38.773076921701431 14.779836252331732 11.900647372007368 19.770430311560634 41.652265802025795 9.5972962677478773 178.50971058011055 95.397124901413918 10.94091774523258
leaf_count=72 156 50 101 351 538 62 89 156 2267 146 82 50 120 50 152 308 733 603 168 121 899 202 77 62 103 217 50 930 497 57
internal_value=-1.05088 -1.03527 -1.03836 -1.0416 -1.06449 -1.07135 -0.94033 -1.05294 -1.08201 -1.0558 -1.04197 -1.04568 -1.06069 -1.04206 -1.02387 -1.01772 -1.05126 -1.0463 -1.07654 -1.07646 -1.03605 -1.05568 -1.05352 -0.995095 -1.00001 -1.01351 -0.971944 -1.06775 -1.0274 -1.04686
internal_weight=1817.54 846.673 819.993 790.049 970.862 740.335 26.6805 490.23 447.042 293.293 230.527 216.707 265.269 281.777 299.82 255.864 195.209 138.777 41.8442 126.492 239.932 179.469 43.9556 21.4979 90.4065 61.0388 29.3677 208.453 165.457 70.0603
internal_count=9469 4411 4272 4116 5058 3857 139 2554 2329 1528 1201 1129 1382 1468 1562 1333 1017 723 218 659 1250 935 229 112 471 318 153 1086 862 365
cat_boundaries=0 4 9 13 17
cat_threshold=71458819 685772808 45351200 10362368 134381578 163877904 679499008 2307401729 1 1152 34226210 2215182337 16777224 67125248 2101248 262176 1051648
is_linear=0
shrinkage=1


Tree=1
num_leaves=31
num_cat=5
split_feature=0 15 11 22 4 22 14 14 13 22 7 2 3 19 22 4 21 5 21 1 14 3 22 20 20 18 2 19 19 17
split_gain=139.52 83.7392 76.9839 57.4696 56.9322 52.5343 34.1526 31.5689 29.5741 27.8335 26.0479 23.3173 18.0753 19.1526 17.7483 15.5811 15.3611 24.476 19.9954 14.022 13.4412 12.641 12.3787 12.6199 11.8701 11.592 15.3331 13.4839 13.3324 12.0464
threshold=0.42561038610902702 25.500000000000004 1.0000000180025095e-35 0 1.5749500000000001 1 0.69728146114864875 0.38133250397401347 0.10036866390763356 2 1.175 -0.47077470166023078 199713.77365000002 9.5000000000000018 3 9.6483500000000024 0.37581168831168837 234347772.34500003 0.41987179487179493 -0.015752167008535708 0.13994288045695638 484879.38070000004 4 0.44082633053221293 0.29289215686274517 34.500000000000007 0.17430817279538727 4.5000000000000009 10.500000000000002 40.500000000000007
decision_type=2 2 2 9 2 9 2 2 2 9 2 2 2 2 9 2 2 2 2 2 2 2 9 2 2 2 2 2 2 2
left_child=4 2 -2 21 -1 12 -3 14 9 16 -11 -9 -6 -14 -7 20 17 -5 -18 -13 -12 -4 -21 -24 -16 26 27 -10 -27 -29
right_child=1 6 3 8 5 7 -8 11 25 10 15 19 13 -15 24 -17 18 -19 -20 22 -22 -23 23 -25 -26 28 -28 29 -30 -31
leaf_value=0.068716966686153944 0.088714956194576186 0.038584812217233769 -0.0027235666007401783 0.05143019270025289 0.040050484446616193 0.009301048096624619 0.1494796939763908 0.038567166885561513 -0.007117745852451729 0.042347542060848148 0.020758534213672318 0.015662655719313027 -0.0050072924152709886 0.045686567402183145 -0.028654654020300999 0.0049658221272458336 0.091610117835694518 0.0022078219299181052 0.029623943693641599 -0.016049237127740645 -0.029036317195683437 -0.028313793812507832 -0.043458913690017566 -0.00017428591709806764 -0.0031553577038247621 -0.0290875019462178 0.07471381315475828 0.08419353514867163 0.038764263754123923 0.023670665138389516
leaf_weight=20.838633075356483 31.330486178398132 12.603873997926714 97.990098565816879 35.543194383382797 34.835793167352676 93.284527570009232 15.457982942461966 12.163668423891066 15.663331821560858 33.999782085418701 16.395081013441086 15.12911608815193 163.27460986375809 21.03190441429615 105.07813255488873 168.22998830676079 17.824052289128304 87.25577475130558 48.170995220541954 131.89019384980202 78.155568242073059 95.086729064583778 268.24294145405293 17.967421844601631 80.682757645845413 11.617068514227869 34.35549683868885 14.141883522272108 19.214034333825111 19.639379903674126
leaf_count=107 156 64 510 182 181 487 75 62 81 175 85 80 851 107 552 875 91 452 248 698 408 499 1419 95 419 60 177 73 99 101
internal_value=-2.45623e-06 0.0147322 0.0118417 0.00880562 -0.0130299 -0.0148352 0.0996717 -0.0211546 0.016297 0.0111759 0.00112848 -0.0297082 0.00671418 0.000777573 -0.00825997 -0.00416169 0.0255567 0.0164548 0.0463653 -0.0316251 -0.0204019 -0.0145716 -0.0333363 -0.0393662 -0.0166814 0.0394114 0.0490557 0.0312278 0.0131979 0.0490074
internal_weight=1817.09 852.675 824.613 793.282 964.42 943.581 28.0619 724.439 600.206 485.574 296.78 445.393 219.142 184.307 279.045 262.781 188.794 122.799 65.995 433.23 94.5506 193.077 418.101 286.21 185.761 114.631 83.8001 49.4446 30.8311 33.7813
internal_count=9469 4411 4272 4116 5058 4951 139 3812 3107 2516 1543 2354 1139 958 1458 1368 973 634 339 2292 493 1009 2212 1514 971 591 432 255 159 174
cat_boundaries=0 4 9 13 17 21
cat_threshold=1108607104 2148229412 3959499777 1208033288 2281832458 155491344 679499008 2307401728 1 67264515 677646360 48496640 76160640 1346404356 35651624 84936712 1180801 67371044 880828583 2686992 302420617
is_linear=0
shrinkage=0.05


Tree=2
num_leaves=31
num_cat=3
split_feature=0 15 7 22 22 14 2 5 13 7 22 5 1 20 19 21 11 13 13 19 14 0 3 14 17 2 2 6 17 19
split_gain=125.835 71.6401 69.3428 55.1634 52.6106 41.7726 28.4659 28.1183 26.6829 23.4345 28.9402 22.9887 22.4639 21.1597 18.3558 24.9631 17.7177 15.1473 14.9723 14.5291 14.0252 13.2807 11.5131 11.2075 17.2202 12.2638 10.999 10.9898 10.7764 14.797
threshold=0.42561038610902702 25.500000000000004 0.52500000000000013 0 1 0.38133250397401347 -0.47077470166023078 413903722.36000007 0.10036866390763356 1.4150000000000003 2 52701739.500000007 0.089150432900432799 0.26568627450980398 5.5000000000000009 0.39791666666666675 0.059468911503533749 0.10038610038610053 0.098294118475337658 4.5000000000000009 0.09700828690481765 0.2692023029191602 398009.33550000004 0.46173369777430701 151.00000000000003 0.38028203931633903 -0.43836265903068211 9.8333000000000013 151.00000000000003 4.5000000000000009
decision_type=2 2 2 9 9 2 2 2 2 2 9 2 2 2 2 2 2 2 2 2 2 2 2 2 2 2 2 8 2 2
left_child=4 2 -2 23 11 12 -7 -3 9 16 19 -1 13 17 21 -16 -5 26 -12 -11 -15 -13 -20 24 25 -4 -6 -25 29 -10
right_child=1 7 3 8 5 6 -8 -9 28 10 18 14 -14 20 15 -17 -18 -19 22 -21 -22 -23 -24 27 -26 -27 -28 -29 -30 -31
leaf_value=0.057573179479568574 0.10858348028308712 0.022310832921671863 0.018849513282270018 0.078111326763266084 0.014487251245771882 0.044586296058657326 -0.031192836558427459 0.12596875654427439 0.0091221719665058772 -0.0034646148319390497 -0.049311555565960785 -0.019582144231849754 0.037379343167835713 0.037760639032807408 0.0065818293294303831 0.069210203037433068 0.02318602884155245 0.012283008667450562 0.011293968436669403 0.036829372597947933 -0.0032623435028079429 0.023146829014675022 -0.010001717069935001 -0.035989646235443117 -0.046052699997406972 -0.041924983061824822 -0.038306770231919841 -0.0024003665438349971 0.00043840924031191599 0.053979948358188014
leaf_weight=21.820259660482407 17.876522243022919 9.8940134048461932 58.888056680560112 17.944585412740707 11.080967321991919 12.766792386770247 422.94437649846077 19.311609864234924 23.892164722084999 29.481301009654999 16.75348100066185 85.832187503576279 28.793497189879417 25.466326341032982 78.669367536902428 19.944856077432632 80.771122694015503 23.201512813568115 114.32962852716446 92.7689228951931 114.5668126642704 23.073753207921982 142.66399881243706 74.27508632838726 16.911166369915009 9.6629353612661344 89.947665736079216 36.230021476745605 16.772511124610901 79.741949170827866
leaf_count=111 87 50 305 89 59 64 2273 89 122 152 88 449 146 130 407 101 411 121 590 474 598 119 744 393 90 50 480 190 86 401
internal_value=-1.89523e-05 0.013887 0.0111754 0.00902848 -0.0124744 -0.0188957 -0.0289724 0.0908525 0.0162479 0.0113745 0.00594118 0.00838865 -0.00455863 -0.00912809 0.00362125 0.0192485 0.0331704 -0.0241494 -0.0033896 0.0250622 0.00419807 -0.0105292 -0.000527833 -0.0137595 -0.000864851 0.0102828 -0.0325162 -0.0249771 0.0376206 0.0436383
internal_weight=1816.28 858.169 828.963 811.087 958.108 728.768 435.711 29.2056 615.12 494.713 395.997 229.34 293.057 264.263 207.52 98.6142 98.7157 124.23 273.747 122.25 140.033 108.906 256.994 195.967 85.4622 68.551 101.029 110.505 120.407 103.634
internal_count=9469 4411 4272 4185 5058 3871 2337 139 3157 2548 2048 1187 1534 1388 1076 508 500 660 1422 626 728 568 1334 1028 445 355 539 583 609 523
cat_boundaries=0 4 9 13
cat_threshold=1107296392 2165006630 3959434309 136405000 134381578 163877904 679499008 159918081 1 2148672000 541069448 48496640 9050624
is_linear=0
shrinkage=0.05


Tree=3
num_leaves=31
num_cat=4
split_feature=0 22 7 22 15 14 2 7 3 17 19 20 14 5 7 21 20 11 7 7 20 22 13 0 5 10 19 19 2 22
split_gain=113.548 63.0261 48.1184 47.7681 39.132 35.384 25.6711 22.5938 22.0792 21.4412 20.2666 19.4784 21.2048 17.6918 17.0458 17.3541 15.7256 15.5415 14.8058 13.9757 11.3249 11.1065 13.5748 11.0241 10.9285 10.8213 10.6729 10.6717 10.6012 10.2317
threshold=0.42561038610902702 0 0.52500000000000013 1 27.500000000000004 0.38133250397401347 -0.47077470166023078 0.47500000000000003 557067.51305000007 151.00000000000003 6.5000000000000009 0.13225667527993112 0.15019531250000004 520865876.21500009 1.7550000000000001 0.37581168831168837 0.29289215686274517 0.12112006231679069 1.7150000000000001 1.3650000000000004 0.26111660079051385 2 0.09972954390019996 0.22033746018909803 210644879.73500004 0.10506661680442179 8.5000000000000018 5.5000000000000009 0.28119442368466413 3
decision_type=2 9 2 9 2 2 2 2 2 2 2 2 2 2 2 2 2 2 2 2 2 9 2 2 2 2 2 2 2 9
left_child=3 4 -3 11 10 7 -7 -5 9 21 13 -1 27 -2 15 24 -9 23 -11 26 28 22 -4 -14 -12 -15 -10 -13 -17 -21
right_child=1 2 8 5 -6 6 -8 16 19 18 14 12 17 25 -16 20 -18 -19 -20 29 -22 -23 -24 -25 -26 -27 -28 -29 -30 -31
leaf_value=0.074422010601573205 0.023836739608768479 0.10122265473860259 0.039856924420486557 0.066254255692864056 0.094810052172715167 0.043117622603743778 -0.029906843350770325 -0.01886721393474973 -0.0085006047225927497 0.028653678120311579 0.062592999375725086 0.017892791774958075 -0.014707590738417646 -0.028210236485636843 0.024144011050534459 0.026365279787695751 0.0052754732488084731 0.038436094226109309 -0.041577130297877685 0.0041228698171769653 0.12452701256577343 0.020433969602919256 -0.012344006772271435 0.011948498176257941 0.011754839229125912 0.025375368456027638 0.049527863944878445 0.076086845759350485 0.095630360975840295 -0.025077782542620577
leaf_weight=10.376744762063025 86.839312538504601 11.786936745047567 15.309007212519644 10.724323153495787 21.576935231685638 12.397241085767744 411.93967589735985 146.33372743427753 18.300403967499733 9.7965131998062116 18.382035613059998 19.089952230453491 124.37222407758236 35.367685616016388 126.83147080242634 10.924844160676004 125.12045046687126 21.647931352257729 32.074083685874939 41.656328499317169 10.465722680091856 163.54663616418839 66.787936151027679 56.366205036640167 24.878046646714211 12.84272441267967 13.975061938166617 13.413493305444716 11.174670457839964 130.4797592908144
leaf_count=51 438 55 79 54 99 61 2247 781 93 50 89 97 651 183 640 54 646 112 172 221 50 831 346 291 126 66 71 67 55 693
internal_value=-3.13624e-05 0.0131031 0.00136047 -0.0119406 0.0287287 -0.0183884 -0.0277734 -0.00492705 -0.00100465 0.00792707 0.0253572 0.0070936 0.00442122 0.0103527 0.0353562 0.0541107 -0.00773921 -0.00159923 -0.0251451 -0.0135675 0.0816803 0.0135643 -0.00232647 -0.00639446 0.0333569 -0.0139356 0.0166253 0.0419083 0.0613893 -0.0192287
internal_weight=1814.78 862.996 503.713 951.782 359.283 706.515 424.337 282.179 491.926 287.514 337.707 245.267 234.89 135.05 202.657 75.8253 271.454 202.386 41.8706 204.412 32.5652 245.644 82.0969 180.738 43.2601 48.2104 32.2755 32.5034 22.0995 172.136
internal_count=9469 4411 2611 5058 1800 3789 2308 1481 2556 1478 1701 1269 1218 687 1014 374 1427 1054 222 1078 159 1256 425 942 215 249 164 164 109 914
cat_boundaries=0 4 9 13 18
cat_threshold=339878147 677384232 45121824 10362368 402784270 163879952 679499016 159918081 1 1152 34234370 2215118873 16777352 49284 2147483650 67108864 18874501 1
is_linear=0
shrinkage=0.05


Tree=4
num_leaves=31
num_cat=4
split_feature=0 22 15 7 11 22 3 7 2 22 19 8 11 21 14 21 13 20 2 13 5 19 2 13 20 9 22 14 20 14
split_gain=104.071 84.6551 57.447 50.2463 49.7543 38.6738 36.4161 25.7154 25.1241 23.9849 21.5753 26.8924 21.552 23.8498 18.6995 18.2882 15.6924 14.8679 13.4203 12.9266 13.5185 13.8378 12.5782 16.3246 13.4424 15.2333 12.2565 14.9529 12.0647 11.7097
threshold=0.27238626010095318 0 25.500000000000004 0.60500000000000009 1.0000000180025095e-35 1 552392.71620000002 0.8650000000000001 -0.4845605071597005 2 5.5000000000000009 1.3350000000000002 0.12076938948297081 0.40750456204379565 0.41392780172413796 0.43330039525691705 0.09960355815397183 0.23647660818713453 0.11941193262917506 0.1000686579434389 279302619.79500002 8.5000000000000018 0.013776222755341851 0.10040160642570285 0.35805860805860812 0.3172087641184374 3 0.91696903725205614 0.37110754414125208 0.1876586294416244
decision_type=2 9 2 2 2 9 2 2 2 9 2 10 2 2 2 2 2 2 2 2 2 2 2 2 2 2 9 2 2 2
left_child=4 2 7 -3 -1 10 9 -2 -7 22 -6 -12 13 -8 17 -15 -17 -10 -11 26 28 -22 29 24 -24 -26 -9 -28 -21 -5
right_child=1 3 -4 6 5 8 12 19 14 18 11 -13 -14 15 -16 16 -18 -19 -20 20 21 -23 23 -25 25 -27 27 -29 -30 -31
leaf_value=0.054210701462542477 0.070588530731107033 0.075126275166100209 0.10000417868183574 0.038350704883744154 -0.012270105627135059 0.040809215893546531 -0.030148211545979922 -0.0115843591965462 -0.031348455827875342 -0.018971988529435088 0.002572596401637576 0.063426063339199271 0.034862045851384145 0.059201382315451356 -0.033963874012452884 -0.039544541133047305 0.0078136525031191235 -0.0044637606336715499 0.0081733291703262653 0.038200427034654982 -0.0013017225470316439 0.042540565474531979 0.008338303109591343 0.062117035126271938 0.084694965402385997 0.018108787193716894 0.027209863542405302 -0.019395566270120301 0.09423533614332695 -0.0068161699415755159
leaf_weight=25.420992091298103 27.840421676635742 21.599707737565041 27.494896158576012 18.249412551522255 98.164735436439514 14.549845531582831 179.23290567100048 41.20378278195858 83.013810217380524 100.96562814712524 55.717534184455872 26.929988086223602 19.527636706829071 11.828679680824278 297.67761921882629 25.766620650887489 54.468909934163094 135.14552740752697 82.929921939969063 38.6061871945858 39.589940071105957 32.99962306022644 85.509930551052094 26.960458070039749 14.354908108711241 21.386042386293411 105.32470959424973 20.572006508708 12.787770777940748 67.153267174959183
leaf_count=126 134 101 123 93 523 73 951 214 449 528 292 138 102 62 1639 138 286 708 430 193 203 164 438 134 73 109 528 106 63 348
internal_value=-4.10346e-05 0.00986919 0.0297982 2.829e-06 -0.0145219 -0.0169787 -0.00228792 0.0246799 -0.0235426 0.00717401 0.0033903 0.0224012 -0.0158715 -0.0195233 -0.0258142 0.00116165 -0.00739483 -0.0146939 -0.00638336 0.0202891 0.0325214 0.0186292 0.0173755 0.0269262 0.0191015 0.0448523 0.011213 0.0181525 0.052143 0.00283539
internal_weight=1812.97 1076.35 346.419 729.934 736.62 711.199 708.334 318.924 530.387 417.51 180.812 82.6475 290.825 271.297 515.837 92.0642 80.2355 218.159 183.896 291.084 123.984 72.5896 233.614 148.211 121.251 35.741 167.1 125.897 51.394 85.4027
internal_count=9469 5521 1728 3793 3948 3822 3692 1605 2869 2153 953 430 1539 1437 2796 486 424 1157 958 1471 623 367 1195 754 620 182 848 634 256 441
cat_boundaries=0 5 9 13 15
cat_threshold=339902723 675321896 42205952 42866176 1 335675404 423923728 536900608 2308455041 3231195168 78971921 3242262576 806389760 335577344 2088
is_linear=0
shrinkage=0.05


Tree=5
num_leaves=31
num_cat=4
split_feature=0 22 7 15 11 2 22 3 5 22 14 19 21 11 21 7 7 6 2 13 8 19 10 3 3 19 4 8 22 13
split_gain=94.1753 74.3799 49.9073 49.6336 44.4882 34.457 35.2742 30.3072 21.0493 17.6373 17.6213 16.0726 20.9567 15.7122 19.8014 15.6404 14.9067 15.4955 13.9557 20.7925 13.972 12.322 12.1455 11.7301 11.1311 12.1748 10.8251 10.8067 10.7732 13.5731
threshold=0.27238626010095318 0 0.60500000000000009 25.500000000000004 1.0000000180025095e-35 -0.50227582956872163 1 581332.22015000007 178862995.43500003 2 0.41392780172413796 5.5000000000000009 0.39791666666666675 0.12076938948297081 0.39791666666666675 1.6050000000000002 2.1250000000000004 4.8280000000000003 0.0062926494462995928 0.10013562456276105 0.7350000000000001 8.5000000000000018 0.09398341277761596 327114.52425000007 2950117.6947000003 12.500000000000002 2.7185500000000005 0.8650000000000001 3 0.10094266968794909
decision_type=2 9 2 2 2 2 9 2 2 9 2 2 2 2 2 2 2 10 2 2 8 2 2 2 2 2 2 10 9 2
left_child=4 3 -3 8 27 -6 11 9 15 -4 28 -7 23 14 -9 22 -16 -18 20 -20 -11 -10 -2 -13 25 -23 -12 -1 -8 -30
right_child=1 2 7 -5 5 6 10 13 21 18 26 12 -14 -15 16 -17 17 -19 19 -21 -22 24 -24 -25 -26 -27 -28 -29 29 -31
leaf_value=0.01693734591590379 0.091273127641453483 0.072425631651800701 -0.011873084190270743 0.092212034989689357 0.059582991423993342 -0.012049649563964659 -0.030786365619391954 -0.029228803205262405 0.0058662472082652087 -0.041442550447699407 0.011404065293868506 0.028008374424039018 0.071382561523237978 0.029777748725119797 0.02301201606638717 0.025612160017499549 -0.038758069520748256 0.019206735033682257 0.0062985490411624091 0.037557383953124232 0.0051604780774774945 0.029824070534817129 0.030606389308678192 -0.013203166668372483 0.073717371655560054 -0.025480070780770043 -0.035207047920407679 0.081429960683104929 -0.010088677129884552 0.047832772835711107
leaf_weight=12.557536825537683 23.190939947962761 23.085287168622017 101.61853608489037 28.304945230484009 14.654024407267569 101.03828074038029 58.894292160868645 161.02731102705002 137.16612952947617 19.253836929798126 13.047990024089811 32.30190372467041 14.872927382588385 17.877363950014114 39.59828893840313 45.639682367444038 32.229220330715179 17.951747760176659 132.60307246446609 88.840329363942146 97.661869242787361 77.635435745120049 12.805368348956106 37.095359846949577 12.1693729609251 11.414603188633917 274.71956126391888 13.455583214759825 147.31281973421574 10.860050454735754
leaf_count=61 109 105 536 123 72 543 316 867 700 101 73 167 74 92 206 226 173 95 678 444 504 383 62 196 60 57 1538 65 786 57
internal_value=-5.47998e-05 0.00932447 7.7091e-05 0.0279464 -0.0139165 -0.0162866 -0.0178975 -0.00227864 0.0231355 0.00580169 -0.0244952 0.00132682 0.0175224 -0.0155104 -0.0187385 0.0450483 7.67278e-05 -0.0180217 0.0111318 0.0188392 -0.00251417 0.0156314 0.0696915 0.00597931 0.0288646 0.0227351 -0.0330936 0.0502969 -0.0142248 -0.0057484
internal_weight=1810.88 1080.07 731.747 348.326 730.81 704.797 690.143 708.662 320.022 439.978 504.835 185.308 84.2702 268.684 250.807 81.636 89.7793 50.181 338.359 221.443 116.916 238.386 35.9963 69.3973 101.219 89.05 287.768 26.0131 217.067 158.173
internal_count=9469 5521 3801 1720 3948 3822 3750 3696 1597 2263 2770 980 437 1433 1341 397 474 268 1727 1122 605 1200 171 363 500 440 1611 126 1159 843
cat_boundaries=0 5 9 13 17
cat_threshold=2218950915 675287080 43254528 42866176 1 335675404 996446224 536900608 160971393 18052 34234370 67110913 65920 1152 663556 2186019073 1032
is_linear=0
shrinkage=0.05


Tree=6
num_leaves=31
num_cat=5
split_feature=0 22 22 14 7 15 2 14 22 3 5 5 19 7 21 9 11 19 20 20 7 3 11 22 11 11 13 2 22 5
split_gain=86.1558 50.0442 41.0768 33.6607 32.6473 37.0371 21.7873 21.334 21.2092 21.3863 21.0995 16.3792 23.9342 16.0013 15.9732 17.1667 15.9487 18.327 15.5714 15.2632 13.7899 13.6913 13.32 12.5812 12.4245 12.3256 11.3821 10.8552 10.2937 11.3011
threshold=0.42561038610902702 0 1 0.38133250397401347 1.1650000000000003 25.500000000000004 -0.47077470166023078 0.69728146114864875 2 722713.1656500001 60604774.400000006 234347772.34500003 8.5000000000000018 0.47500000000000003 0.40750456204379565 4.6050370772291584 0.048078086991415615 9.5000000000000018 0.24291896144767902 0.35805860805860812 0.52500000000000013 415510.84025000007 0.11661996698100556 3 0.11011091255055457 0.12310958680385435 0.10040160642570285 -0.45031035055869484 4 41841485.500000007
decision_type=2 9 9 2 2 2 2 2 9 2 2 2 2 2 2 2 2 2 2 2 2 2 2 9 2 2 2 2 9 2
left_child=2 10 16 13 20 8 -5 -7 11 19 -2 -6 -13 -4 -14 -16 -1 21 27 26 -3 22 -18 -8 -22 -25 -10 -15 -20 -30
right_child=1 4 3 6 5 7 23 -9 9 -11 -12 12 14 18 15 -17 17 -19 28 -21 24 -23 -24 25 -26 -27 -28 -29 29 -31
leaf_value=0.050593182994042085 0.051119065154300126 0.089432565216863366 0.053983346293521944 0.036582948177758354 0.053368969334420396 0.020081995311559873 -0.013668600444684277 0.10226919489744857 -0.0016960346125119334 -0.013491300428893861 -0.01340056516286842 -0.0061578703327448909 0.0098188183641229401 0.023121106757069135 0.03122317194124842 0.10681056761427161 0.0036159139535100471 0.04430085012312171 -0.016253094804345888 0.031351037954524909 0.026433434511307387 -0.014703653297902417 0.053604634069888774 -0.040155024821542859 0.07428731166671021 0.0012174384817791887 0.031238766349956454 -0.028394962055063679 0.044532976480660839 0.0039486885508694903
leaf_weight=19.742410331964493 13.484155863523482 15.193405285477636 11.523492768406866 13.418495193123816 43.294651538133621 14.133022099733351 153.08113899827003 17.891880631446838 146.46593295037746 121.1791345924139 210.26393568515778 55.131210178136826 23.649397358298302 11.611621528863905 17.01885870099068 13.446263685822485 81.275507032871246 24.641787230968475 44.251112893223763 72.937732085585594 59.622976377606392 97.516338840126991 15.939489930868147 222.84783011674881 17.558387130498886 19.584186166524887 31.957057312130928 85.673640608787537 20.192280009388924 113.96648451685905
leaf_count=96 66 66 55 64 207 64 858 74 750 641 1114 279 115 61 81 64 423 119 232 364 285 517 81 1275 85 110 156 472 101 594
internal_value=-7.49203e-05 0.0112193 -0.01062 -0.0166218 0.018083 0.0137967 -0.0260748 0.0659989 0.0106128 0.00366419 -0.00910535 0.0256607 0.0170286 -0.0037416 0.0406507 0.0645849 0.00724544 0.00367466 -0.00615439 0.0120805 0.0458912 -0.00146628 0.0118121 -0.0282006 0.03732 -0.0353545 0.00420287 -0.0222462 0.00262033 0.00935941
internal_weight=1808.49 873.228 935.266 696.15 649.48 557.105 408.932 32.0249 525.08 372.54 223.748 152.54 109.246 287.219 54.1145 30.4651 239.116 219.373 275.695 251.361 92.3748 194.731 97.215 395.513 77.1814 242.432 178.423 97.2853 178.41 134.159
internal_count=9469 4411 5058 3822 3231 2795 2307 138 2657 1911 1180 746 539 1515 260 145 1236 1140 1460 1270 436 1021 504 2243 370 1385 906 533 927 695
cat_boundaries=0 4 9 13 17 21
cat_threshold=1108346024 2148229382 3959434309 402726920 134381578 163877904 679499008 151529481 1 4333570 541069320 45088768 9312768 68419620 905996455 2686992 303469184 8388736 24581 2186020864 512
is_linear=0
shrinkage=0.05


Tree=7
num_leaves=31
num_cat=3
split_feature=0 22 15 11 7 22 3 7 22 8 19 5 8 21 14 11 11 21 7 19 3 20 20 13 13 7 15 7 17 2
split_gain=79.0121 61.2182 39.9588 37.2943 36.625 32.0085 27.1044 20.9612 20.1819 19.4609 17.9921 16.2481 16.2075 15.2213 14.9837 14.2123 14.0283 13.8793 13.5112 14.0758 13.4112 12.2242 12.0803 11.8167 11.0492 10.9211 10.893 10.7109 10.6858 10.2674
threshold=0.27238626010095318 0 25.500000000000004 1.0000000180025095e-35 0.52500000000000013 1 581332.22015000007 0.93500000000000016 2 1.9750000000000003 5.5000000000000009 87947308.085000023 1.2450000000000003 0.39791666666666675 0.41392780172413796 0.12814748653952598 0.12144303065355701 0.49637681159420294 2.5050000000000003 9.5000000000000018 210608.68440000003 0.30212080335731423 0.32742946708463955 0.10036133724156394 0.10096620612397313 1.9850000000000001 2.5000000000000004 2.8350000000000004 41.500000000000007 0.0039931031183819696
decision_type=2 9 2 2 2 9 2 2 9 8 2 2 10 2 2 2 2 2 2 2 2 2 2 2 2 2 2 2 2 2
left_child=3 2 7 -1 -3 10 8 -2 29 14 21 -11 20 16 24 -10 -8 18 19 -15 -12 25 -23 -9 28 -5 -14 -25 -7 -6
right_child=1 4 -4 5 6 9 13 23 15 11 12 -13 26 17 -16 -17 -18 -19 -20 -21 -22 22 -24 27 -26 -27 -28 -29 -30 -31
leaf_value=0.044953096210267794 0.057666626680371584 0.071848577804352859 0.081265276686087046 -0.0036875173934384723 0.0010362629541636366 -0.0041443934650692042 -0.027418691703637973 0.011487658472501048 -0.0096098633119180901 0.061654761525919144 0.053898653292569848 -0.0089803642892738907 0.010541839811358658 0.0095683622050690975 -0.032655292774097622 0.049859374006368869 0.026252257909843819 -0.014372332744518932 -0.017834059985558256 0.084227424427448849 -0.0097749778704519907 0.052332629596003578 -0.0074149677404690834 0.022926576640664192 0.030637364245072504 -0.048526289164457878 0.068353369945685166 0.06965973741430441 -0.027858504402762108 0.023350550863141646
leaf_weight=26.799695253372192 34.008899837732315 17.155600026249886 29.275263890624046 25.587085276842117 77.249958425760269 83.794057413935661 160.71593563258648 248.61512525379658 186.94326215982437 11.607089221477507 10.202769994735716 27.267341896891594 13.211598962545393 12.90324355661869 261.46984453499317 10.617175847291945 13.172875285148619 54.167551010847092 12.282003298401831 12.361144930124283 43.647035643458366 11.35727137327194 33.165259048342705 43.397277355194092 12.653931960463522 28.93900254368782 21.260014817118645 17.088690489530563 109.68939231336117 154.95880883932114
leaf_count=126 156 74 123 139 398 447 881 1242 977 61 52 151 67 67 1505 55 67 290 66 62 232 61 180 208 65 159 105 83 598 772
internal_value=-8.9168e-05 0.00843546 0.0245344 -0.0129227 -0.000318116 -0.0151581 -0.00210312 0.020409 0.0056572 -0.0214586 0.00286526 0.0121098 0.019426 -0.01466 -0.0247082 -0.00610489 -0.0233529 0.00182151 0.0251841 0.0460969 0.00228908 -0.0116127 0.00782607 0.0163097 -0.014628 -0.0274851 0.0461965 0.0361298 -0.0175884 0.0152696
internal_weight=1805.56 1084.91 372.385 720.651 712.528 693.852 695.372 343.11 429.769 506.482 187.37 38.8744 88.3214 265.603 467.607 197.56 173.889 91.7139 37.5464 25.2644 53.8498 99.0486 44.5225 309.101 206.137 54.5261 34.4716 60.486 193.483 232.209
internal_count=9469 5521 1812 3948 3709 3822 3635 1689 2202 2827 995 212 456 1433 2615 1032 948 485 195 129 284 539 241 1533 1110 298 172 291 1045 1170
cat_boundaries=0 5 9 13
cat_threshold=71467267 675319848 43254528 111023616 1 335683596 690262032 536900864 2308455041 3231195168 11865105 3242262584 805341184
is_linear=0
shrinkage=0.05


Tree=8
num_leaves=31
num_cat=5
split_feature=0 22 11 22 14 20 5 7 13 9 22 7 1 13 4 22 22 3 21 6 2 19 13 20 18 18 1 10 8 3
split_gain=71.6689 41.5579 39.5823 36.9318 28.4515 26.8672 25.0542 22.7864 22.7016 21.2535 20.3423 19.9949 17.7014 17.5715 16.4743 16.5744 15.0951 13.7882 15.7388 15.2578 13.5121 12.8778 12.7392 11.9061 11.3499 10.8996 9.87645 12.628 9.68492 9.59998
threshold=0.42561038610902702 0 0.020519874242084058 1 0.55003628447024688 0.13225667527993112 258024836.97000003 0.69500000000000006 0.098294118475337658 6.26061186276028 2 1.1650000000000003 0.010880327163151128 0.10040160642570285 1.5749500000000001 3 4 395023.83405000006 0.40892501658925023 1.68815 -0.40285817983849004 9.5000000000000018 0.1002407706205737 0.29552601486563757 50.500000000000007 27.500000000000004 -0.0053799440407383261 0.08034569591432382 1.6450000000000002 199713.77365000002
decision_type=2 9 2 9 2 2 2 2 2 2 9 2 2 2 2 9 9 2 2 10 2 2 2 2 2 2 2 2 8 2
left_child=3 5 23 7 14 9 -7 -1 -4 -2 12 -12 -10 -13 -5 17 25 18 22 -19 -9 29 -16 -3 26 -6 -8 -28 -17 -22
right_child=1 2 8 4 16 6 24 20 10 -11 11 13 -14 -15 15 28 -18 19 -20 -21 21 -23 -24 -25 -26 -27 27 -29 -30 -31
leaf_value=0.069947777814881693 0.039310765752421734 0.09811948751967324 -0.039870007596235185 0.042916169051760607 -0.015708615988107199 0.04996473448418523 0.031395676151397017 0.046368409190638241 0.00082927974480680319 0.1096523610029365 0.037731951801907485 9.2197739478453621e-05 -0.031605302874633839 0.028055998117788191 0.012213832457860086 -0.021741021941944896 -0.037468540235288152 0.027410508226710009 -0.036383844219246064 -0.04045466344846621 0.023810090430869051 0.031628692641510546 0.05790364938177759 0.035478167278108562 0.051516274753571782 0.041141139768233921 0.019914612111095142 -0.023674995746729658 0.0034367627972899067 -0.0087230623285037053
leaf_weight=13.363222792744635 30.720123335719109 11.403127267956732 32.063732385635376 15.455923169851301 89.7394118309021 49.987477868795395 20.630065634846687 16.69404648244381 115.27541972696781 16.50968724489212 54.222957789897919 305.02708041667938 66.236792966723442 68.8582913428545 50.446425750851631 211.56121322512627 167.75360336899757 12.134899556636809 11.73984971642494 26.084977015852928 25.991519585251808 27.934401169419289 21.870086252689362 22.658436521887779 12.582796499133108 9.3055233359336835 26.082723677158356 45.775328427553177 46.609150439500809 177.73865514993668
leaf_count=64 138 51 174 72 513 230 101 82 609 69 258 1569 360 336 269 1166 983 64 64 146 133 134 114 102 57 51 129 228 254 949
internal_value=-9.42728e-05 0.0101359 0.00386802 -0.00981107 -0.0159511 0.0294278 0.0208258 0.00611201 0.00113721 0.0638994 0.00329403 0.00914374 -0.0104319 0.00524228 -0.00768709 -0.00974288 -0.028812 0.00553936 0.0173141 -0.0189073 0.00292335 -0.000207353 0.0260314 0.0564492 0.00696301 -0.00941669 0.000901645 -0.00785303 -0.0165543 -0.00457254
internal_weight=1802.46 878.034 675.746 924.423 662.701 202.288 155.058 261.722 641.684 47.2298 609.621 428.108 181.512 373.885 395.903 380.447 266.799 122.276 84.0564 38.2199 248.359 231.665 72.3165 34.0616 105.071 99.0449 92.4881 71.8581 258.17 203.73
internal_count=9469 4411 3459 5058 3696 952 745 1362 3306 207 3132 2163 969 1905 2149 2077 1547 657 447 210 1298 1216 383 153 515 564 458 357 1420 1082
cat_boundaries=0 4 9 13 17 21
cat_threshold=67248385 541069352 33587200 9311744 134381578 155489424 679499016 151660553 1 34865312 2148229380 3959499797 1210064904 3562037252 606078984 2164326400 9438336 68419621 67184679 33554432 1315456
is_linear=0
shrinkage=0.05


Tree=9
num_leaves=31
num_cat=5
split_feature=0 22 7 4 22 15 3 2 20 22 22 14 7 8 11 22 3 15 21 20 9 11 14 11 21 5 2 17 5 21
split_gain=66.486 52.9024 32.4462 32.3363 30.8634 30.5282 25.3898 18.824 19.0261 17.0435 16.473 15.8349 15.034 14.5028 12.3823 11.7118 11.5135 11.3342 13.1472 12.663 12.0017 11.9254 10.252 10.2214 11.1151 12.8023 9.43436 9.47212 9.27989 11.8273
threshold=0.27238626010095318 0 0.52500000000000013 2.2269000000000001 1 25.500000000000004 552392.71620000002 -0.40285817983849004 0.16472868217054268 2 3 0.53876201923076927 0.93500000000000016 2.0850000000000004 0.12435551598586127 4 203755.40750000003 4.5000000000000009 0.28759398496240607 0.34730014025245448 2.6738692024792292 0.073125040174840936 0.91327849588719168 0.11900080117711408 0.40550595238095244 442844126.89500004 0.13154776752307321 44.500000000000007 279302619.79500002 0.29758481886141469
decision_type=2 9 2 2 9 2 2 2 2 9 9 2 2 8 2 9 2 2 2 2 2 2 2 2 2 2 2 2 2 2
left_child=3 5 -3 -1 7 12 10 -5 -9 23 17 13 -2 15 26 -6 -10 18 -4 20 -20 -19 -14 24 -8 -26 27 28 29 -12
right_child=1 2 6 4 11 -7 9 8 16 -11 14 -13 22 -15 -16 -17 -18 21 19 -21 -22 -23 -24 -25 25 -27 -28 -29 -30 -31
leaf_value=0.030202670548477702 0.051000069373702911 0.065107550987666907 0.010361343444136291 0.053442213355532869 -0.0011018537695275847 0.072079277822527474 -0.015450460570984155 0.065959997148822141 0.023400257844477312 -0.022563499642500803 -0.0078510868540947881 -0.031221182643667352 0.019857810034573833 0.032156911114934308 0.038340463737177588 -0.023419775755180616 -0.013182926255520869 0.046547940362159368 0.012504322055849346 0.078371194223618088 0.066925935976902814 -0.011048507952410951 -0.0052242483247575029 0.047328944139632637 -0.010408101851505522 0.048385356641962037 0.0041958381274927693 -0.033911627180629546 -0.0439735701275112 0.055834171147468463
leaf_weight=42.667169690132141 33.604760468006134 18.52444776892662 97.605929657816887 17.660318076610565 100.06545041501522 29.910575106739998 61.229265287518501 9.8378113061189634 26.733157515525818 173.91971454024315 29.167648017406464 216.40955896675587 245.86500138044357 16.525511175394058 15.001993268728254 171.13583722710609 110.01871497929096 10.63860599696636 37.739495724439621 15.720857858657835 13.848084747791289 57.894844934344292 48.831839814782143 11.562145739793776 18.355664029717445 18.683666616678238 77.509673714637756 51.893161416053772 10.986762031912802 9.7197103798389417
leaf_count=213 150 78 488 86 548 123 336 49 138 956 152 1277 1194 87 77 952 598 52 188 76 68 294 249 58 97 95 401 279 59 51
internal_value=-0.000108822 0.00766046 -0.000217276 -0.0119991 -0.0146931 0.0230764 -0.00192117 0.0044069 -0.00119997 -0.0135179 0.00577199 -0.0205949 0.0193148 -0.0133183 -0.00503631 -0.0160893 -0.0060314 0.0143671 0.0220848 0.0390852 0.0271132 -0.00210768 0.0157017 0.0026218 -0.00237158 0.019249 -0.00894703 -0.0189571 -0.00339721 0.00806674
internal_weight=1799.27 1088.21 730.002 711.054 668.386 358.212 711.477 164.25 146.59 283.75 427.727 504.136 328.302 287.727 194.279 271.201 136.752 233.448 164.914 67.3084 51.5876 68.5335 294.697 109.831 98.2686 37.0393 179.277 101.767 49.8741 38.8874
internal_count=9469 5521 3805 3948 3735 1716 3727 871 785 1542 2185 2864 1593 1587 1019 1500 736 1166 820 332 256 346 1443 586 528 192 942 541 262 203
cat_boundaries=0 5 9 13 17 21
cat_threshold=339902723 683675688 43254528 109975040 1 139276 2569310224 673215744 2300066304 279044 2216961026 673742889 19931533 3231195168 3476497 1094778928 537954304 3226779682 3080 85002248 131200
is_linear=0
shrinkage=0.05


Tree=10
num_leaves=31
num_cat=4
split_feature=0 22 11 7 22 15 3 5 8 19 22 2 22 19 14 20 1 11 21 15 17 16 13 20 0 0 4 18 7 13
split_gain=60.279 49.4377 30.5583 28.9348 27.1195 26.6818 20.6689 17.0471 16.6282 20.9623 15.1687 14.7206 13.6435 13.4901 13.3546 12.3636 12.3376 11.9913 11.7485 10.8458 10.6966 12.9253 10.6485 10.2571 9.95462 9.74038 9.36402 9.25181 9.23153 8.86125
threshold=0.27238626010095318 0 1.0000000180025095e-35 0.52500000000000013 1 25.500000000000004 581332.22015000007 267051401.15000004 1.155 5.5000000000000009 2 -0.45031035055869484 3 8.5000000000000018 0.41392780172413796 0.218349358974359 0.0080564029337314453 0.07254660396485689 0.31180555555555561 4.5000000000000009 141.50000000000003 2.5000000000000004 0.10096620612397313 0.28989813242784385 0.41469377719630612 0.80896319955674278 2.7185500000000005 26.500000000000004 1.7350000000000001 0.10023242497170638
decision_type=2 9 2 2 9 2 2 2 10 2 9 2 9 2 2 2 2 2 2 2 2 2 2 2 2 2 2 2 2 2
left_child=2 5 -1 -3 8 7 10 -2 23 28 17 -6 -8 -9 15 29 25 18 -5 27 21 -15 -17 -4 -14 -12 -16 -19 -10 -13
right_child=1 3 4 6 11 -7 12 13 9 -11 16 14 24 20 26 22 -18 19 -20 -21 -22 -23 -24 -25 -26 -27 -28 -29 -30 -31
leaf_value=0.040192606638357081 0.032752604876440952 0.061042450035872803 -0.026187739733454035 0.018252203157464928 0.013967479572545786 0.067955920128928676 0.0079210722124372999 -0.0021594339614129836 0.023794754242195251 0.045608645705279172 -0.003829377483110589 -0.04161632779478313 -0.045292472777735751 0.023186205173014035 0.013015418509865824 -0.0080041100907639173 -0.018930916452056495 0.010282021577386708 0.083289048306585456 -0.0097201374485987729 0.0011175086526457451 0.07925684530110727 0.044053969017677212 0.0054185134990495853 -0.014730353986842188 0.024653501751763004 -0.03172836991556155 0.041608461840578231 -0.025383491515985498 -0.0017164504094710953
leaf_weight=27.471559628844261 129.92959742248058 18.754392564296722 50.10813096165657 17.243109241127971 30.222055405378342 30.13296614587307 60.787406131625175 109.92907738685608 16.018962919712067 40.638356775045395 100.48682060837746 48.116142854094505 31.416647896170616 37.961228206753731 12.275280445814131 128.13880313932896 90.149279594421387 106.91562879085541 11.625641047954558 51.515330076217651 30.602375134825706 14.093999803066252 10.638761296868323 52.632458746433258 175.38388675451279 42.80019810795784 246.63737994432449 30.234221264719963 23.603242665529251 19.57698455452919
leaf_count=126 604 78 275 83 155 123 325 556 86 199 528 278 183 182 71 690 474 533 56 262 145 66 54 283 959 217 1491 147 131 109
internal_value=-0.000124781 0.00724774 -0.0115056 -0.000264318 -0.0135985 0.0223281 -0.00186811 0.0187574 0.00315265 0.0203773 0.00466405 -0.0194549 -0.0128769 0.00931548 -0.0220434 -0.0125586 -0.0042567 0.0137983 0.044443 0.00984057 0.0245763 0.0383674 -0.00401331 -0.00999633 -0.0184797 0.00467853 -0.029607 0.0171878 -0.00550109 -0.0300772
internal_weight=1796.04 1089.96 706.078 737.313 678.607 352.649 718.558 322.516 183.001 80.2606 450.97 495.605 267.588 192.587 465.383 206.471 233.436 217.534 28.8688 188.665 82.6576 52.0552 138.778 102.741 206.801 143.287 258.913 137.15 39.6222 67.6931
internal_count=9469 5521 3948 3845 3822 1676 3767 1553 974 416 2300 2848 1467 949 2693 1131 1219 1081 139 942 393 248 744 558 1142 745 1562 680 217 387
cat_boundaries=0 5 9 13 17
cat_threshold=71467267 683708456 43287296 109975040 1 335683596 694452240 536900608 2308455040 3231195136 1379345 3242262568 537954304 268452352 2149590018 673185801 1056905
is_linear=0
shrinkage=0.05


Tree=11
num_leaves=31
num_cat=5
split_feature=0 22 4 22 7 15 11 2 20 22 8 2 14 5 19 3 20 7 14 17 0 22 13 22 19 7 0 3 20 19
split_gain=54.6758 42.3283 27.5011 25.6926 24.7386 24.7058 21.7253 17.453 18.0749 16.7162 16.5964 16.3349 16.0413 15.0854 11.3004 10.744 13.5984 10.6399 10.4903 12.7273 10.4664 13.2631 11.7987 11.6722 13.4467 13.5355 12.6012 9.51878 9.47032 8.9666
threshold=0.27238626010095318 0 2.1279500000000007 1 0.79500000000000015 25.500000000000004 0.12814748653952598 -0.40285817983849004 0.16472868217054268 2 1.9750000000000003 -0.18421504357212429 0.13536417773705914 178862995.43500003 4.5000000000000009 345968.78435000003 0.26953601953601958 1.3350000000000002 0.39309040016587188 41.500000000000007 0.75587916873398575 3 0.099197855227881951 4 7.5000000000000009 1.9850000000000001 0.88568483953256683 1086073.0903000003 0.29575792581183419 9.5000000000000018
decision_type=2 9 2 9 2 2 2 2 2 9 8 2 2 2 2 2 2 2 2 2 2 9 2 9 2 2 2 2 2 2
left_child=2 5 17 7 12 13 9 -4 -9 14 18 -12 -3 -2 -6 16 -10 -1 19 -5 21 -11 -22 -24 27 -26 -27 -25 -23 -30
right_child=1 4 3 10 6 -7 -8 8 15 20 11 -13 -14 -15 -16 -17 -18 -19 -20 -21 22 28 23 24 25 26 -28 -29 29 -31
leaf_value=0.046068298722891622 0.034878502557886326 0.068295077039242966 0.048977052985777092 0.0010080974428666324 -0.043440164629194394 0.064246332126289732 0.038267968051507339 0.061678533259273298 -0.014654545196335878 0.0058686556775695087 0.043956625120165765 -0.021696243578340352 0.0078042491886155547 0.010798576241335719 -0.011881956717431898 -0.017819730107196476 0.033567428813490015 -0.01387160056123482 -0.028652384307631996 -0.024875032809865489 -0.028643216489562376 -0.027844668489115283 -0.0093383096768151919 0.015018631795645871 0.063823024090602573 0.049655760490002664 -0.0054169114321111142 -0.03272400823317255 -0.010419050896134171 0.03838101786165532
leaf_weight=28.082678824663162 88.058789312839508 20.555248454213142 18.904154509305954 86.31000243127346 35.903301209211349 30.275152266025543 30.993017569184303 10.417661443352698 28.609252139925957 135.27105319499969 19.667325377464294 18.280768781900406 23.477648228406906 248.82508455216885 135.13696865737438 85.499581903219223 29.897966414690018 10.054346218705176 259.53027701377869 105.60900668799877 18.273492112755775 80.757500484585762 41.255853518843651 46.400531128048897 27.569462969899178 18.520497977733612 23.650714337825775 13.471243396401404 61.813815534114838 11.103861838579176
leaf_count=134 402 89 90 463 200 123 154 51 153 708 104 103 110 1215 740 475 154 52 1579 590 98 430 212 235 136 94 121 74 324 56
internal_value=-0.000124222 0.0068745 -0.0110219 -0.0133979 -0.000273984 0.0204248 -0.00262923 0.00343197 -0.00192127 -0.00458189 -0.0190395 0.0123296 0.0360423 0.0170929 -0.0174842 -0.00652217 0.00998752 0.0302659 -0.0220981 -0.0132348 0.000391534 -0.00558576 0.00954356 0.0136274 0.0201067 0.0365798 0.0187696 0.00427646 -0.0150697 -0.0029878
internal_weight=1792.18 1091.31 700.863 662.726 724.154 367.159 680.121 173.329 154.424 649.128 489.397 37.9481 44.0329 336.884 171.04 144.007 58.5072 38.137 451.449 191.919 478.088 288.946 189.142 170.868 129.612 69.7407 42.1712 59.8718 153.675 72.9177
internal_count=9469 5521 3948 3762 3781 1740 3582 923 833 3428 2839 207 199 1617 940 782 307 186 2632 1053 2488 1518 970 872 660 351 215 309 810 380
cat_boundaries=0 5 9 13 17 21
cat_threshold=2218950915 675319848 42238720 109975040 1 139276 2569310224 689992960 2300066304 1644167304 1785860 218639364 140591360 1573408 100937091 2689597440 537921536 1048608 11408 2147549184 536870912
is_linear=0
shrinkage=0.05


Tree=12
num_leaves=31
num_cat=6
split_feature=0 22 11 22 14 15 2 3 17 20 5 2 7 22 22 14 5 0 22 19 16 22 13 13 20 13 18 17 13 6
split_gain=49.8302 35.5525 32.7488 31.1493 25.7406 24.851 20.0002 19.0511 17.9886 16.0796 15.2039 14.5706 14.5691 12.956 12.5616 15.1613 12.2303 12.2085 12.0422 12.1149 11.7743 11.5576 10.1851 11.0589 10.2835 12.9507 10.6252 9.85731 10.9022 9.81539
threshold=0.42561038610902702 0 0.020519874242084058 1 0.35728236607142866 13.500000000000002 -0.40285817983849004 903198.18445000018 151.00000000000003 0.218349358974359 360292695.44500005 -0.47077470166023078 0.69500000000000006 2 3 0.36396622245678856 520865876.21500009 0.23217854918698713 4 7.5000000000000009 2.5000000000000004 5 0.10036866390763356 0.099860172264120931 0.35173201370384471 0.099654868468854754 28.500000000000004 91.000000000000014 0.099945008687931894 1.68815
decision_type=2 9 2 9 2 2 2 2 2 2 2 2 2 9 9 2 2 2 9 2 2 9 2 2 2 2 2 2 2 10
left_child=3 5 29 6 9 16 -1 8 14 -5 -10 -6 -8 17 15 -4 -2 -13 -14 -20 -18 -11 23 24 26 -26 -16 -9 -29 -3
right_child=1 2 7 4 11 -7 12 27 10 21 -12 13 18 -15 22 -17 20 -19 19 -21 -22 -23 -24 -25 25 -27 -28 28 -30 -31
leaf_value=0.052856915918312986 0.030972933162597367 0.075401487316903118 0.015297361515932809 -0.021293933364308536 0.029213516943673939 0.065061160239555424 0.054214651061600984 -0.027683536658043736 -0.030617593881022045 -0.012931276631599105 0.024497081314758171 -0.018241745058728876 -0.0089649614501029189 -0.029995709351996698 -0.0024378172762331242 -0.025384687807608209 -0.010277529071589596 0.023002520845094 0.0036370519709079474 0.046245894690982815 0.033235522760237272 0.012878359678950355 0.029152217588947683 0.00017456852916679594 0.017981174850944446 0.082257824350418118 0.041662013679211025 -0.024237330515176712 0.015857381721202927 0.022764433568115479
leaf_weight=21.050913617014885 95.656404599547386 17.943815857172012 39.828751459717751 81.20049886405468 12.830014765262602 36.034675970673561 12.727102205157278 79.43033055961132 56.129110068082809 54.091893777251244 16.102780520915985 58.149716392159462 151.35177932679653 269.89197862148285 47.108838230371475 53.888137608766556 48.626169547438622 25.948771879076958 62.225112617015839 22.793412625789642 22.853142693638802 131.97904872894287 78.311562836170197 154.59682098031044 18.802062705159187 13.437017381191252 19.23548249900341 30.33283394575119 38.440210849046707 17.488225474953651
leaf_count=100 440 76 203 459 61 153 59 439 297 289 83 346 833 1654 238 287 242 145 326 107 110 679 369 774 94 66 96 166 199 79
internal_value=-0.000126773 0.00831296 0.00258106 -0.00837989 -0.0143054 0.0261152 0.00584186 5.05053e-05 0.00473855 -0.0027291 -0.0183308 -0.0231302 0.0021032 -0.0250273 0.00865743 -0.00731471 0.019281 -0.00492957 -0.000702689 0.0134755 0.00363433 0.00537251 0.0130014 0.00851929 0.0216054 0.0447712 0.0103482 -0.0156848 -0.00182667 0.0494214
internal_weight=1788.49 884.246 681.076 904.24 634.092 203.17 270.148 645.644 497.441 267.271 72.2319 366.82 249.097 353.99 425.209 93.7169 167.136 84.0985 236.37 85.0185 71.4793 186.071 331.492 253.18 98.5834 32.2391 66.3443 148.203 68.773 35.432
internal_count=9469 4411 3466 5058 3633 945 1425 3311 2507 1427 380 2206 1325 2145 2127 490 792 491 1266 433 352 968 1637 1268 494 160 334 804 365 155
cat_boundaries=0 4 9 13 17 21 25
cat_threshold=71459073 673189928 36732928 9311744 134381579 155490448 679499008 151660552 1 36 343942181 851984 268440193 1075314816 68051968 2214658048 18874376 163843 16779392 1280 134875144 8388736 24581 2181824544 512
is_linear=0
shrinkage=0.05


Tree=13
num_leaves=31
num_cat=4
split_feature=0 22 22 15 14 7 22 11 13 7 0 8 2 5 4 16 22 20 3 20 21 0 9 3 1 17 17 20 14 2
split_gain=46.0812 37.909 28.8922 26.2692 25.2462 23.183 18.1567 17.6885 17.1188 16.2209 13.2752 13.2328 15.6564 14.0285 12.3063 12.3054 10.6437 21.7717 11.8992 11.3143 14.0033 11.2576 10.5284 9.8876 9.53717 9.3 19.1588 19.6744 12.5173 12.4864
threshold=0.16962973656817681 0 1 25.500000000000004 0.091616870010885351 1.1650000000000003 2 0.12076938948297081 0.10037582303243166 0.52500000000000013 0.0013436195880691584 0.87500000000000011 -0.025850674397464631 43205592.065000005 2.8767500000000004 3.5000000000000004 3 0.16770833333333338 498005.9242500001 0.37965697410268068 0.31180555555555561 0.75587916873398575 0.7544815874235723 296716.33985000005 -0.00471451150844615 138.50000000000003 120.50000000000001 0.47114317425083246 0.10007256894049348 -0.021188867532568375
decision_type=2 9 9 2 2 2 9 2 2 2 2 8 2 2 2 2 9 2 2 2 2 2 2 2 2 2 2 2 2 2
left_child=2 3 10 9 -4 11 23 14 16 -2 -1 12 -3 -13 22 -10 17 -8 19 20 -19 -18 -6 -7 -23 26 27 28 -11 -30
right_child=1 5 4 -5 7 6 8 -9 15 25 -12 13 -14 -15 -16 -17 21 18 -20 -21 -22 24 -24 -25 -26 -27 -28 -29 29 -31
leaf_value=0.060059411238181738 0.071160856503452039 -0.041650548741681601 0.020102370657572213 0.069241901559083982 0.021719566488763824 -0.00062666254889428305 0.049329368751965946 0.0037277966217648139 0.026754330312341475 0.051485006374997172 0.0030222559034003525 0.079254152500999098 0.016192857915943003 0.021876186114529086 -0.032086427298630253 -0.023329334141923608 -0.016502324091547976 -0.02678289725554947 -0.017081815385053212 0.06011223046595459 0.038844612622591784 0.037702041212908308 -0.037184213789294339 -0.025421029801738205 -0.002838396664606078 -0.0062777951308948133 0.055562226555316147 0.070890552508854607 -0.0087319495255891218 0.014445309914850166
leaf_weight=11.094542339444159 12.284440636634825 16.460699453949928 35.842781558632851 23.349866285920143 20.918243438005447 56.860637858510017 25.952412679791451 49.502964496612549 82.562561556696892 16.576514884829521 126.74311715364456 12.685245126485823 40.434082478284836 66.486281409859657 266.93619205057621 14.404014796018599 191.98169438540936 18.215688601136208 57.110531568527222 11.502729892730711 14.677954122424124 17.351823806762695 11.902475997805594 137.30414643883705 88.490738719701767 54.706109553575516 27.968846932053566 13.627382487058638 87.409567326307297 173.36159327626228
leaf_count=57 51 86 186 95 115 302 127 279 414 76 682 56 197 321 1601 71 1052 95 310 57 73 88 66 778 464 264 129 66 453 858
internal_value=-0.000138794 0.00503352 -0.0126187 0.0173201 -0.0193575 -0.00105615 -0.00466194 -0.0239614 0.000349766 0.0146275 0.0070982 0.0178514 -0.000542296 0.0310696 -0.028534 0.0193146 -0.00396608 0.0078453 -0.0019881 0.0174281 0.00250172 -0.00898278 0.000358035 -0.0172706 0.0038078 0.0127688 0.0160358 0.0122364 0.0093545 0.00667637
internal_weight=1784.71 1261.77 522.94 409.284 385.103 852.481 716.415 349.26 522.25 385.934 137.838 136.066 56.8948 79.1715 299.757 96.9666 425.284 127.459 101.507 44.3964 32.8936 297.824 32.8207 194.165 105.843 373.65 318.944 290.975 277.348 260.771
internal_count=9469 6483 2986 1992 2247 4491 3831 2061 2751 1897 739 660 283 377 1782 485 2266 662 535 225 168 1604 181 1080 552 1846 1582 1453 1387 1311
cat_boundaries=0 5 9 13 17
cat_threshold=2487353603 679516192 44056584 43654689 1 67239945 440677528 671096064 2164800128 1652556936 17514756 2303208448 1078018304 1581060 71573656 536903696 2231640068
is_linear=0
shrinkage=0.05


Tree=14
num_leaves=31
num_cat=5
split_feature=11 0 22 9 21 22 11 22 13 2 7 3 6 14 22 14 13 18 22 13 19 14 2 3 18 0 20 14 4 18
split_gain=41.838 42.5208 38.1064 24.7301 24.9763 22.4876 21.854 18.2401 19.1167 14.9505 14.6867 14.0404 12.2816 12.1689 15.0634 12.158 11.8631 12.7307 11.4629 14.0424 10.4872 10.1742 10.0814 10.4769 19.6036 11.3307 9.99332 9.36006 10.2948 9.4057
threshold=1.0000000180025095e-35 0.27238626010095318 0 4.5302773549222755 0.36754385964912284 1 0.12814748653952598 2 0.10014340426086134 -0.50227582956872163 1.0450000000000002 215372.21590000004 3.7188500000000002 0.99927431059506544 3 0.41392780172413796 0.099812117329153863 42.500000000000007 4 0.10094266968794909 9.5000000000000018 0.5551215277777779 0.021778656126482224 385726.49095000006 18.500000000000004 0.52637421509040816 0.2809758771929825 0.13177932139994661 9.6483500000000024 34.500000000000007
decision_type=2 2 9 2 2 9 2 9 2 2 2 2 10 2 9 2 2 2 9 2 2 2 2 2 2 2 2 2 2 2
left_child=26 5 3 10 -5 11 7 16 13 -7 -3 -2 -12 14 -9 18 17 -4 -11 -20 -13 -8 -10 24 -24 -25 -1 29 -29 -16
right_child=1 2 6 4 -6 9 21 8 22 15 12 20 -14 -15 27 -17 -18 -19 19 -21 -22 -23 23 25 -26 -27 -28 28 -30 -31
leaf_value=0.062324099853285936 0.027326747196779324 0.057210104217695248 0.020382688865377786 0.0092528096689988969 0.076051159148057171 0.042764778054772391 0.066870120367373748 0.010901330956759957 -0.0023588557151337751 -0.027174525628644433 0.040801618825211265 -0.0087298917551963118 0.0019785421511777351 -0.04430045842829184 0.038760323566440609 -0.026605907376101735 -0.027068748049289701 -0.041929505271416943 -0.0063641131642532094 0.050720304426268736 0.036850436666540844 0.014690318525403335 0.066266958100408696 -0.029142005858184706 0.0086428007409875898 0.01796743997825815 0.023568415464987842 -0.025028753864936477 -0.0040330010750932593 -0.020713273124102326
leaf_weight=24.802732333540916 45.518758103251457 17.084820777177811 31.257138147950172 22.486536294221878 37.052241310477257 9.9697521775960904 15.834759831428526 123.81455355882645 69.681644812226295 57.506545156240463 24.318294242024422 133.84891514480114 125.5040275901556 18.734589904546738 18.19852410256863 248.06711211800575 110.71761348843575 11.110445797443388 138.90828697383404 11.67897656559944 13.93321819603443 22.783021152019501 29.115134015679359 15.36087293922901 29.933640226721764 75.493958830833435 50.499562576413155 103.71608527004719 133.58002468943596 10.473989456892012
leaf_count=107 228 76 173 108 159 47 76 621 358 329 113 746 604 105 89 1573 609 65 773 59 67 111 138 81 141 374 222 564 698 55
internal_value=-0.000139327 -0.00174953 0.00451788 0.022178 0.0508228 -0.0116934 -0.000623102 -0.00244578 0.00143413 -0.0174318 0.0132886 0.00289639 0.00828008 -0.00493828 -0.00304638 -0.0191296 -0.0173268 0.00404198 -0.0102171 -0.00181625 -0.00443248 0.036086 0.0133547 0.0206591 0.0370555 0.0100026 0.0363336 -0.00958871 -0.0132097 0.0170348
internal_weight=1780.99 1705.68 1046.25 226.446 59.5388 659.432 819.806 781.188 628.103 466.131 166.907 193.301 149.822 408.518 389.783 456.161 153.085 42.3676 208.094 150.587 147.782 38.6178 219.585 149.904 59.0488 90.8548 75.3023 265.969 237.296 28.6725
internal_count=9469 9140 5318 1060 267 3822 4258 4071 3224 2781 793 1041 717 2132 2027 2734 847 238 1161 832 813 187 1092 734 279 455 329 1406 1262 144
cat_boundaries=0 5 9 13 17 21
cat_threshold=4358145 671354912 42205696 42866176 1 2483167244 694452240 536900608 160971393 570687616 745472 151596037 557867264 8929282 5244048 6324488 134285444 1152 269099012 2186019073 1032
is_linear=0
shrinkage=0.05


Tree=15
num_leaves=31
num_cat=5
split_feature=22 7 19 22 21 3 22 8 2 14 20 5 5 11 20 22 11 13 22 5 11 2 20 8 8 13 21 19 11 5
split_gain=38.9693 32.2104 32.0065 30.1431 43.6526 27.9162 21.745 19.4516 18.4735 16.6173 15.6282 16.3084 14.6342 14.0248 14.6222 13.5792 13.0851 12.8951 12.7652 12.6447 12.4853 12.0024 11.4224 11.3812 11.2617 13.1052 10.9331 10.9212 10.9049 13.7183
threshold=0 0.40500000000000008 6.5000000000000009 1 0.39791666666666675 385726.49095000006 2 1.9650000000000001 0.18303078807280485 0.53876201923076927 0.3136574074074075 103728310.59000002 143444518.19000003 0.12076938948297081 0.31612258494337114 3 0.049372899396026147 0.10045872524882694 4 161681725.81500003 0.11076114704442951 -0.023595006873593501 0.17604586451736712 0.79500000000000015 1.5450000000000002 0.10025773367077841 0.31985804030350012 4.5000000000000009 0.10187231908543394 99530366.820000008
decision_type=9 2 2 9 2 2 9 8 2 2 2 2 2 2 2 9 2 2 9 2 2 2 2 10 10 2 2 2 2 2
left_child=13 -2 5 4 19 6 20 10 12 -6 24 -12 22 27 -15 -7 -17 -10 -14 -4 -3 -18 -5 -24 25 -8 -21 -1 -25 -30
right_child=1 2 3 8 9 15 7 -9 17 -11 11 -13 18 14 -16 16 21 -19 -20 26 -22 -23 23 28 -26 -27 -28 -29 29 -31
leaf_value=-0.034182608842453811 0.062098976558986975 -0.018408876277339389 0.031223295731347096 -0.031380477190136501 0.02577076332768672 -0.0200986437801315 -0.020809241084119474 0.058543667584152304 0.0092250012375485173 0.067141982023883412 0.053918508831115576 0.0087187215306562017 0.0080101440105088042 -0.0056009846571293308 0.067185422802900879 0.044159365804936818 -0.022269849175397836 0.047909402317236068 -0.022213297586277977 0.012330327288265837 0.013037792631109666 0.0079117162762253126 -0.016264184228717005 0.04821285787398507 0.029664410200747501 0.024561334500453228 -0.020738686432180235 -0.013090556429740366 -0.032674613676987832 0.046348225865930154
leaf_weight=84.980336010456085 23.077132821083069 108.40931856632233 39.897368431091309 13.647209540009497 40.751623645424843 253.68658991158009 65.61966347694397 24.016760319471359 121.01827226579189 60.020017430186272 33.819851920008659 48.682501256465912 45.868981540203094 24.598159089684486 9.5902327299118024 14.656678199768065 59.695321664214134 26.207426697015762 121.47024287283421 57.735998421907425 44.528501823544502 73.494406342506409 17.787546247243881 32.527907803654671 22.837292909622192 21.012726247310638 44.074701800942421 220.91995505988598 12.247561052441599 9.9569119364023191
leaf_count=505 97 571 191 72 186 1434 366 120 612 268 169 258 244 136 50 73 344 123 657 292 232 393 91 161 122 112 219 1257 62 52
internal_value=-0.000144064 0.00347972 0.00254742 0.0107815 0.024254 -0.00432669 0.00560251 0.0154081 0.0019748 0.0504116 0.0108142 0.0272473 -0.00615709 -0.0151112 0.0148164 -0.0134496 -0.000638021 0.0161112 -0.0147776 0.00736429 -0.00868516 -0.00561559 0.0105842 0.0184813 -0.00157066 -0.00980459 -0.00198552 -0.01895 0.0297733 0.00276074
internal_weight=1776.84 1436.75 1413.67 643.212 242.48 770.46 368.927 215.989 400.732 100.772 191.972 82.5024 253.506 340.089 34.1884 401.533 147.846 147.226 167.339 141.708 152.938 133.19 86.1671 72.5199 109.47 86.6324 101.811 305.9 54.7324 22.2045
internal_count=9469 7521 7424 3230 1156 4194 1950 1147 2074 454 1027 427 1339 1948 186 2244 810 735 901 702 803 737 438 366 600 478 511 1762 275 114
cat_boundaries=0 4 8 12 16 20
cat_threshold=571229840 1794308 67184711 274808836 269623303 138678312 579338496 302592 276824070 46399491 3227254808 1085065 3230834727 4194344 601882912 135662088 3221258528 0 0 134348928
is_linear=0
shrinkage=0.05


Tree=16
num_leaves=31
num_cat=4
split_feature=0 22 22 7 4 22 11 15 2 11 8 14 14 17 11 11 3 21 21 5 20 7 22 8 9 5 15 20 1 5
split_gain=37.4338 30.1438 25.7779 22.3522 21.3474 19.6582 20.8686 18.4187 17.331 16.4752 15.2131 14.8998 12.9763 12.5805 12.0553 11.6627 11.1979 22.9484 15.6494 13.3435 11.5228 17.9212 14.8497 17.4072 11.9583 11.933 11.2926 11.0884 11.0062 10.2542
threshold=0.16962973656817681 0 1 0.84500000000000008 2.8066000000000009 2 0.12914377289377285 13.500000000000002 -0.43836265903068211 0.12196712965172705 0.75500000000000012 0.44276383993365126 0.56076124237804892 151.00000000000003 0.11137044093630923 0.058475002856089468 1034116.5228500001 0.39791666666666675 0.43614130434782611 570322024.9200002 0.37965697410268068 2.4050000000000007 3 1.5550000000000004 3.9701709991565197 431798654.86000007 5.5000000000000009 0.13225667527993112 0.0037082874954160743 229471335.60500005
decision_type=2 9 9 2 2 9 2 2 2 2 8 2 2 2 2 2 2 2 2 2 2 2 9 10 2 2 2 2 2 2
left_child=2 11 8 10 14 7 16 -5 -1 -6 -3 13 -8 -2 -4 -10 20 -18 -19 -20 21 22 23 28 -22 26 29 -21 -7 -23
right_child=1 3 4 5 9 6 12 -9 15 -11 -12 -13 -14 -15 -16 -17 17 18 19 27 24 25 -24 -25 -26 -27 -28 -29 -30 -31
leaf_value=0.058777974918688372 0.0070769151220203292 -0.0032241919858255921 -0.0014508114190289482 0.015226811732715811 -0.027868850637264249 -0.044351476718563293 0.086347338264975829 0.060910667434040923 0.04495512395693764 0.0042428290288969205 0.047698662235016016 -0.023043319411656552 0.019317034503065388 -0.041296810135877868 0.057734223507920041 -0.0040065212883227909 -0.027280862457357814 0.063324818015344009 -0.037243135661781168 0.049885085706243282 0.024198758019310498 0.0021129393068157433 0.016367691707193929 0.038195064669931146 -0.020543599607670618 0.011345371390721035 -0.042834812700384216 -0.013730932814409258 -0.0015592069146690367 -0.028096762352174755
leaf_weight=14.556393429636953 110.11446492373943 19.822586312890053 35.835298955440521 157.12956784665585 277.44855552911758 29.445123061537743 10.855773240327833 25.667622655630112 13.610195085406302 46.661065682768822 56.388188317418098 128.70783448219299 21.559380069375038 15.309278771281241 11.322362318634985 114.35646811127663 89.730712980031967 12.316485807299612 15.759851008653639 14.799473255872728 102.46929615736008 67.961951598525047 177.92601509392262 14.692612424492834 17.481676369905472 45.462022066116333 34.851823002099991 12.751808136701582 30.684643357992172 47.879284501075745
leaf_count=68 572 94 188 760 1704 155 50 108 67 261 244 753 105 91 63 635 507 57 85 74 515 355 896 73 86 242 185 66 156 254
internal_value=-0.000154012 0.00448502 -0.0115285 0.00833851 -0.0181828 0.00628685 0.00249415 0.020519 0.00661717 -0.0232458 0.0344535 -0.010672 0.0417654 0.0011724 0.0127593 0.00120091 0.000746716 -0.0116385 0.0135935 -0.000548762 0.0039115 0.000232969 0.00903397 -0.00934415 0.017678 -0.0111072 -0.0178809 0.0204411 -0.0225143 -0.0103733
internal_weight=1773.56 1259.77 513.79 1005.64 371.267 929.425 746.628 182.797 142.523 324.11 76.2108 254.132 32.4152 125.424 47.1577 127.967 714.213 145.358 55.6276 43.3111 568.854 448.903 252.748 74.8224 119.951 196.155 150.693 27.5513 60.1298 115.841
internal_count=9469 6483 2986 5067 2216 4729 3861 868 770 1965 338 1416 155 663 251 702 3706 789 282 225 2917 2316 1280 384 601 1036 794 140 311 609
cat_boundaries=0 4 8 13 17
cat_threshold=1645215896 34300163 1140861957 2153890048 67239945 440677521 687873280 2165058176 4325378 671387688 44040192 42078208 1 8438276 338691088 4259848 268960776
is_linear=0
shrinkage=0.05


Tree=17
num_leaves=31
num_cat=4
split_feature=0 22 22 11 14 13 2 15 22 3 4 22 14 5 3 3 7 20 19 10 16 10 17 0 18 19 13 17 4 1
split_gain=34.0787 24.5899 23.5321 23.3463 17.514 17.0276 16.7721 16.1449 13.661 12.8924 11.2547 11.8882 11.0602 10.8717 10.7389 14.1734 11.2666 10.1878 9.71743 9.67693 15.1281 11.9247 9.59838 8.83362 8.62357 8.78898 8.58902 8.55385 8.41203 8.39469
threshold=0.42561038610902702 0 1 0.025455609053683045 0.41392780172413796 0.098294118475337658 -0.4845605071597005 13.500000000000002 2 903198.18445000018 1.5749500000000001 3 0.13536417773705914 229471335.60500005 199713.77365000002 168683.24945000003 0.69500000000000006 0.44353369763205835 9.5000000000000018 0.10526315789473686 2.5000000000000004 0.085756543159769813 91.000000000000014 0.00087731845715231121 29.500000000000004 5.5000000000000009 0.10023612783799464 42.500000000000007 6.5957000000000008 0.055850659229208961
decision_type=2 9 9 2 2 2 2 2 9 2 2 9 2 2 2 2 2 2 2 2 2 2 2 2 2 2 2 2 2 2
left_child=1 14 7 12 10 -5 -6 13 -8 29 -3 26 -4 24 15 -1 -16 -10 -18 20 21 -15 -11 -13 25 -2 -12 -25 -24 -7
right_child=2 4 3 5 6 9 8 -9 17 22 11 23 -14 19 16 -17 18 -19 -20 -21 -22 -23 28 27 -26 -27 -28 -29 -30 -31
leaf_value=0.010775377741774596 0.020944386707229194 0.036566198731814083 0.065557794560270471 -0.036452810426747785 0.048357901828002169 0.0072919387403102293 -0.0077133155787393552 0.05253340055005621 -0.035556101685343976 -0.024102337189458145 -0.001739454358153994 0.032244654987366929 0.011703082019183166 0.013676439961275245 0.049537714167016453 0.077012654580431411 -0.0050393688326107397 0.015723128614493747 0.026287793458702004 0.035851021725541644 0.029013010307529098 -0.029982605667030222 -0.020964445460808015 -0.0042442829808437398 0.0038064484809705377 0.071963970163756899 0.029772597384673163 -0.027357473252664712 0.017349265911549932 -0.019742936158698762
leaf_weight=28.33861979842186 15.137584015727041 16.256130084395409 20.13082666695118 30.772255286574364 8.5342223942279798 443.78385175764561 128.21811279654503 36.033068895339966 173.81966292858124 73.834743246436119 71.205498591065407 9.5097257494926435 18.110174536705017 25.588432312011719 11.597184896469114 11.295255675911902 192.90349224209785 10.257382214069365 28.398453667759895 24.435982316732407 31.750058487057686 40.228124558925629 23.161322757601738 70.697719648480415 14.886133655905722 19.081875190138817 31.054267600178719 92.278621062636375 37.556570425629616 30.700577661395073
leaf_count=139 67 71 84 176 39 2218 778 153 1148 421 386 51 82 124 52 54 1062 66 134 116 147 197 125 387 65 83 161 530 197 156
internal_value=-0.000149165 -0.00709113 0.00678631 0.00207295 -0.012536 -0.000164714 -0.0207976 0.0210964 -0.0226875 0.00166878 -0.0038584 -0.00625023 0.0400533 0.0157091 0.00539461 0.0296523 0.00149815 -0.0310138 -0.00101933 0.00771323 0.000666001 -0.0130087 -0.0119921 -0.0137979 0.0355747 0.0493946 0.00713263 -0.0173312 0.0027342 0.0055427
internal_weight=1769.56 884.364 885.192 678.05 611.831 639.809 320.829 207.141 312.295 609.037 291.002 274.746 38.241 171.108 272.533 39.6339 232.899 184.077 221.302 122.003 97.5666 65.8166 134.553 172.486 49.1056 34.2195 102.26 162.976 60.7179 474.484
internal_count=9469 5058 4411 3459 3617 3293 2031 952 1992 3117 1586 1515 166 799 1441 193 1248 1214 1196 584 468 321 743 968 215 150 547 917 322 2374
cat_boundaries=0 5 9 13 17
cat_threshold=2281865226 155490448 679499016 151660552 1 67264769 673189928 36732928 546182656 68419621 377562151 34078736 269521537 1346387972 35669032 85002240 9438336
is_linear=0
shrinkage=0.05


Tree=18
num_leaves=31
num_cat=4
split_feature=0 22 22 14 20 10 17 11 20 18 22 9 11 7 22 3 1 14 0 11 19 17 3 10 6 8 2 17 3 0
split_gain=32.1612 27.1009 23.7776 20.3477 19.4086 18.4722 16.2318 15.7526 14.8965 16.7725 15.5767 18.0999 15.638 12.9375 11.6435 11.6287 11.308 11.2735 13.4421 17.1605 12.135 21.0194 11.2006 13.5079 11.0286 10.8193 10.6916 10.6085 16.9139 10.3144
threshold=0.16962973656817681 0 1 0.091616870010885351 0.76567755807357984 0.016798805699672775 121.50000000000001 0.11333245683232528 0.47114317425083246 8.5000000000000018 2 4.5302773549222755 0.12914377289377285 2.4050000000000007 3 552392.71620000002 0.026117372874474246 0.13994288045695638 0.80896319955674278 0.11076114704442951 8.5000000000000018 49.500000000000007 606155.68010000011 0.098567954894707363 1.4841000000000002 1.0550000000000004 0.2430620407403962 75.500000000000014 265879.16255000007 0.00043605642145651833
decision_type=2 9 9 2 2 2 2 2 2 2 9 2 2 2 9 2 2 2 2 2 2 2 2 2 10 10 2 2 2 2
left_child=2 15 29 -4 5 6 -3 -5 10 -10 11 -7 13 17 -15 24 22 27 25 20 21 -20 23 -16 -2 -19 -22 -12 -29 -1
right_child=1 4 3 7 -6 8 -8 -9 9 -11 12 -13 -14 14 16 -17 -18 18 19 -21 26 -23 -24 -25 -26 -27 -28 28 -30 -31
leaf_value=0.05622135845618257 0.045560294495027631 0.021446440233672294 0.01890967911767151 -0.028305142526214241 -0.059881677018619212 0.009995369958859468 0.081341374651666742 -0.0027277974260155914 0.0082747267093944074 0.083447615870806013 0.056188747231719599 0.043705068323963842 0.038228195228864718 -0.025182710132792715 0.036959756317148255 -0.022939644739910541 -0.023488675189607063 -0.014194363069547447 0.047546439350134362 -0.02016198328404752 0.023347440994795458 -0.037045862749239232 -0.015102936461484716 -0.0024871478764723169 -0.0050268053093853217 0.0087062672598966755 0.07791487770781684 -0.034359797610745244 0.052083095734536858 0.0028673537689015978
leaf_weight=9.6742551326751691 11.436761960387228 52.6279007345438 33.689964920282364 241.58154118061066 10.332613110542296 193.85195703804493 14.408561512827871 80.176633834838867 16.69141456484795 13.358919933438299 20.281350359320641 50.114957168698311 27.578989237546921 67.257077842950821 41.204256668686867 101.22981388866901 43.77389058470726 119.54806524515152 15.697693750262262 21.050768733024597 17.553875744342804 13.798346668481825 42.608515962958336 45.852375507354736 185.95132046937943 90.709068551659584 18.371292218565941 11.991439059376718 10.715490162372587 142.27888505160809
leaf_count=49 53 236 173 1516 51 952 62 472 86 64 95 228 129 362 209 607 242 633 79 103 85 70 240 232 1001 468 86 59 51 776
internal_value=-0.000149817 0.00413617 -0.010776 -0.0175665 0.00818993 0.00901735 0.03432 -0.0219317 0.00709424 0.0416929 0.00587387 0.0162537 0.00141814 -0.0003065 -0.00917501 -0.00886486 -0.00143288 0.005977 0.00251016 0.0191045 0.0317394 0.00797388 0.00590246 0.0161832 -0.00209576 -0.00431458 0.051252 0.0299071 0.00643295 0.0058774
internal_weight=1765.4 1258 507.401 355.448 959.379 949.046 67.0365 321.758 882.01 30.0503 851.959 243.967 607.992 580.414 240.696 298.618 173.439 339.717 296.729 86.472 65.4212 29.496 129.665 87.0566 197.388 210.257 35.9252 42.9883 22.7069 151.953
internal_count=9469 6483 2986 2161 4822 4771 298 1988 4473 150 4323 1180 3143 3014 1285 1661 923 1729 1524 423 320 149 681 441 1054 1101 171 205 110 825
cat_boundaries=0 4 8 13 17
cat_threshold=1645215928 34300163 1275079685 2153890048 67239976 440677528 687873280 2165062272 4603907 679776312 41943048 33691652 1 276833280 2097152 2148532256 16778880
is_linear=0
shrinkage=0.05


Tree=19
num_leaves=31
num_cat=5
split_feature=22 14 20 13 21 5 3 22 22 2 19 13 11 0 17 6 17 13 14 1 22 19 13 11 11 2 22 6 13 20
split_gain=30.6674 24.8802 24.691 28.8061 24.3387 23.1498 22.1625 32.5848 22.1751 16.3559 14.0341 13.2333 12.883 14.3452 11.3243 11.1556 11.1012 15.7429 10.7132 10.5969 9.96758 11.2817 11.0572 10.8539 9.88157 10.3988 10.7276 9.95504 9.91737 9.73962
threshold=0 0.10536595394736843 0.12850908233073841 0.099429102207543876 0.42365967365967372 334907057.88500005 382491.40300000011 1 2 0.33265597177339595 4.5000000000000009 0.10071432215929389 0.10448445216629966 0.096109412728244692 196.00000000000003 2.1940500000000003 72.500000000000014 0.10040160642570285 0.35012690355329951 -0.015752167008535708 3 8.5000000000000018 0.099765715623959431 0.12076938948297081 0.11536312735823585 -0.062188561370453914 4 4.6639500000000007 0.10009727635664091 0.28989813242784385
decision_type=9 2 2 2 2 2 2 9 9 2 2 2 2 2 2 10 2 2 2 2 9 2 2 2 2 2 9 10 2 2
left_child=10 4 3 -3 -2 -5 8 12 9 16 -1 19 13 -8 20 -6 17 -4 -14 -9 22 -22 -12 -24 25 26 -10 -27 -26 -28
right_child=1 2 6 5 15 -7 7 11 24 -11 14 -13 18 -15 -16 -17 -18 -19 -20 -21 21 -23 23 -25 28 27 29 -29 -30 -31
leaf_value=-0.031578614492869077 0.035744340567991355 -0.018117294279327033 -0.01345205250032307 0.0044917217769815405 0.021442793726886858 0.055117022712079244 -0.015596762064837587 0.024045687920335589 -0.017818890375317552 0.037879174099343056 0.034546682111327547 0.015992251450270622 0.034802688692357468 0.024550930533613499 -0.031076191861508756 -0.045179294372746398 -0.030986784949633403 0.029293330674127212 -0.01292532776458012 -0.01961743354464119 -0.032927328731147641 0.0081480650725024965 -0.0080339205930997463 0.042708098035140377 0.05051573041853781 0.049625193544042635 -0.0045115148522747658 0.01380119054744487 0.011441547365335165 0.029067462458208383
leaf_weight=85.694154381752014 98.550265610218048 33.534828796982765 92.338816896080971 36.581319287419319 10.480451136827471 59.005022764205933 27.369640588760376 14.414864063262938 42.102811977267265 18.272727161645889 27.206609100103378 30.746987715363503 13.642058223485945 118.94031356275082 43.47424653172493 15.690355136990545 52.748616233468056 28.093525469303131 85.109892770648003 386.06677262485027 47.321536302566528 25.847478449344635 83.101086735725403 12.069355115294455 34.827848196029663 24.210021987557411 45.204953461885452 97.456299096345901 30.424835950136185 41.345885127782822
leaf_count=527 458 176 501 183 51 278 160 74 225 87 153 161 68 602 271 80 290 140 446 2192 282 142 470 62 174 117 252 481 150 216
internal_value=-0.000156153 0.00300024 0.000993087 0.0217542 0.0243621 0.0357425 -0.00127233 -0.00719718 0.00663046 -0.00675861 -0.0137937 -0.0152649 0.00732342 0.0170407 -0.00799451 -0.0184996 -0.0118587 -0.00348074 -0.00633196 -0.0180458 -0.00286293 -0.0162027 0.00595065 -0.0015989 0.0145079 0.0104502 0.000539921 0.0209297 0.0322969 0.0103353
internal_weight=1761.87 1437.16 1312.44 129.121 124.721 95.5863 1183.32 676.291 507.026 191.454 324.714 431.229 245.062 146.31 239.02 26.1708 173.181 120.432 98.752 400.482 195.546 73.169 122.377 95.1704 315.573 250.32 128.654 121.666 65.2527 86.5508
internal_count=9469 7562 6973 637 589 461 6336 3703 2633 1018 1907 2427 1276 762 1380 131 931 641 514 2266 1109 424 685 532 1615 1291 693 598 324 468
cat_boundaries=0 4 9 13 17 21
cat_threshold=571229840 1794308 67643463 272711684 335544579 2598637713 402919432 143143105 1 272629766 310383657 2153037880 538976392 278528 1187844 67635201 65536 2147516417 4194304 0 1052161
is_linear=0
shrinkage=0.05


Tree=20
num_leaves=31
num_cat=4
split_feature=22 6 0 20 2 22 22 15 14 8 14 21 19 0 11 10 22 7 4 7 8 6 21 2 9 9 14 9 13 1
split_gain=28.4817 24.4408 20.3766 20.7318 18.8657 16.9379 15.8991 18.7111 15.1202 17.9716 14.3658 14.4158 21.2957 14.3131 13.4781 13.0439 12.2103 11.3625 10.819 10.8131 10.6547 10.0614 9.5914 7.98126 10.6236 7.96351 7.95452 7.66141 9.65569 7.54422
threshold=0 0.51300000000000012 0.2692023029191602 0.76567755807357984 -0.43836265903068211 1 2 25.500000000000004 0.14327182251710555 1.0550000000000004 0.37531725888324879 0.39209164818920922 6.5000000000000009 0.51148924084750336 0.12027108733420587 0.11309744578789906 3 1.1950000000000001 6.7773000000000012 0.81500000000000006 1.5550000000000004 5.5675000000000008 0.13284313725490199 -0.023595006873593501 3.5091198830006003 -2.1420923829917444 0.52041666666666686 1.0276043133292447 0.099802695948032719 0.0029695636262626617
decision_type=9 10 2 2 2 9 9 2 2 10 2 2 2 2 2 2 9 2 2 2 8 10 2 2 2 2 2 2 2 2
left_child=13 -2 4 6 20 15 7 21 19 16 -7 -12 -13 26 -15 -6 -10 -11 -19 -8 -3 -4 -18 24 -20 -25 -1 29 -29 -21
right_child=1 2 3 -5 5 10 8 -9 9 17 11 12 -14 14 -16 -17 22 18 23 27 -22 -23 -24 25 -26 -27 -28 28 -30 -31
leaf_value=-0.013866148901886467 0.061008869111483802 0.0016978826910092439 0.027265885796660096 -0.063176271045491256 -0.020524575181171331 0.016640648683316429 0.062841787992930526 0.064808109742903255 0.0069951180972761002 0.037897546648442484 -0.015236202175057823 -0.017988034223283985 0.07812778396360047 -0.006487811995042842 0.043636437415820906 0.035555885559139674 0.025524813110897202 -0.015704426766420341 0.01244321497707657 0.005768658905080444 0.051972339439516471 0.0057876526715897672 -0.021307122229249412 -0.026094224670982404 -0.035998630847482421 0.017603980246433889 -0.03442645910906602 -0.040696053332272934 0.018161531129289182 0.058234963166073933
leaf_weight=118.71040222048759 17.956592559814453 21.29384346306324 94.995534405112267 10.398180708289145 230.318269520998 94.362493142485619 14.813035890460013 20.541174650192261 74.247917711734772 29.737262204289436 122.50694195926189 12.090810626745226 11.011260420083998 138.30811016261578 14.851512998342512 10.857460156083105 11.785147681832312 49.871824458241463 26.204495519399643 12.661278963088991 20.86522176861763 127.98828692734241 151.19438479840755 11.123049318790434 19.922929614782333 166.36989745497704 77.922310948371887 10.625225707888605 20.245292842388153 14.932104781270025
leaf_count=695 80 107 427 53 1403 488 62 88 379 139 748 74 54 762 73 62 64 265 135 60 100 607 790 56 105 841 531 56 97 68
internal_value=-0.00016074 0.00302709 0.00230034 0.00700017 -0.00549212 -0.0083023 0.00785138 0.0183892 0.00331639 0.000480661 0.00138619 -0.00840432 0.0278241 -0.0127237 -0.00162739 -0.0172833 -0.00982761 0.0085452 0.00535367 0.024684 0.0265795 0.0149378 -0.0168847 0.01005 -0.00847934 0.0148655 -0.0220139 0.0150159 -0.00209647 0.0341607
internal_weight=1758.71 1408.92 1390.96 867.657 523.306 481.147 857.259 243.525 613.734 540.457 239.972 145.609 23.1021 349.792 153.16 241.176 237.227 303.229 273.492 73.2769 42.1591 222.984 162.98 223.62 46.1274 177.493 196.633 58.4639 30.8705 27.5934
internal_count=9469 7408 7328 4292 3036 2829 4239 1122 3117 2774 1364 876 128 2061 835 1465 1233 1541 1402 343 207 1034 854 1137 240 897 1226 281 153 128
cat_boundaries=0 4 8 13 17
cat_threshold=571229840 1794308 67708999 809582596 12623875 335545507 2213839152 2184709128 4358147 671092768 42205184 42865664 1 9445632 281020416 1081600 17826056
is_linear=0
shrinkage=0.05


end of trees

feature_importances:
sw_l2=92
vr_d0=44
amt_rank_pct=44
amplitude=42
zha_rate=41
close_ret=39
ret60=38
mkt_max_streak=36
wr1=35
cmv=34
amount=30
promo_yd=26
mkt_boards_n=22
ind_boards=20
vr_prev=18
ftr=13
gap=12
pct_prev=11
turn_d0=10
mkt_chain_n=10
intraday=9
streak_prev=4

parameters:
[boosting: gbdt]
[objective: binary]
[metric: binary_logloss]
[tree_learner: serial]
[device_type: cpu]
[data_sample_strategy: bagging]
[data: ]
[valid: ]
[num_iterations: 400]
[learning_rate: 0.05]
[num_leaves: 31]
[num_threads: 0]
[seed: 42]
[deterministic: 0]
[force_col_wise: 0]
[force_row_wise: 0]
[histogram_pool_size: -1]
[max_depth: -1]
[min_data_in_leaf: 50]
[min_sum_hessian_in_leaf: 0.001]
[bagging_fraction: 1]
[pos_bagging_fraction: 1]
[neg_bagging_fraction: 1]
[bagging_freq: 0]
[bagging_seed: 400]
[bagging_by_query: 0]
[feature_fraction: 1]
[feature_fraction_bynode: 1]
[feature_fraction_seed: 30056]
[extra_trees: 0]
[extra_seed: 12879]
[early_stopping_round: 0]
[early_stopping_min_delta: 0]
[first_metric_only: 0]
[max_delta_step: 0]
[lambda_l1: 0]
[lambda_l2: 0]
[linear_lambda: 0]
[min_gain_to_split: 0]
[drop_rate: 0.1]
[max_drop: 50]
[skip_drop: 0.5]
[xgboost_dart_mode: 0]
[uniform_drop: 0]
[drop_seed: 17869]
[top_rate: 0.2]
[other_rate: 0.1]
[min_data_per_group: 100]
[max_cat_threshold: 32]
[cat_l2: 10]
[cat_smooth: 10]
[max_cat_to_onehot: 4]
[top_k: 20]
[monotone_constraints: ]
[monotone_constraints_method: basic]
[monotone_penalty: 0]
[feature_contri: ]
[forcedsplits_filename: ]
[refit_decay_rate: 0.9]
[cegb_tradeoff: 1]
[cegb_penalty_split: 0]
[cegb_penalty_feature_lazy: ]
[cegb_penalty_feature_coupled: ]
[path_smooth: 0]
[interaction_constraints: ]
[verbosity: -1]
[saved_feature_importance_type: 0]
[use_quantized_grad: 0]
[num_grad_quant_bins: 4]
[quant_train_renew_leaf: 0]
[stochastic_rounding: 1]
[linear_tree: 0]
[max_bin: 255]
[max_bin_by_feature: ]
[min_data_in_bin: 3]
[bin_construct_sample_cnt: 200000]
[data_random_seed: 175]
[is_enable_sparse: 1]
[enable_bundle: 1]
[use_missing: 1]
[zero_as_missing: 0]
[feature_pre_filter: 1]
[pre_partition: 0]
[two_round: 0]
[header: 0]
[label_column: ]
[weight_column: ]
[group_column: ]
[ignore_column: ]
[categorical_feature: 22]
[forcedbins_filename: ]
[precise_float_parser: 0]
[parser_config_file: ]
[objective_seed: 16083]
[num_class: 1]
[is_unbalance: 0]
[scale_pos_weight: 1]
[sigmoid: 1]
[boost_from_average: 1]
[reg_sqrt: 0]
[alpha: 0.9]
[fair_c: 1]
[poisson_max_delta_step: 0.7]
[tweedie_variance_power: 1.5]
[lambdarank_truncation_level: 30]
[lambdarank_norm: 1]
[label_gain: ]
[lambdarank_position_bias_regularization: 0]
[eval_at: ]
[multi_error_top_k: 1]
[auc_mu_weights: ]
[num_machines: 1]
[local_listen_port: 12400]
[time_out: 120]
[machine_list_filename: ]
[machines: ]
[gpu_platform_id: -1]
[gpu_device_id: -1]
[gpu_device_id_list: ]
[gpu_use_dp: 0]
[num_gpu: 1]

end of parameters

pandas_categorical:[["IT\u670d\u52a1\u2161", "\u4e00\u822c\u96f6\u552e", "\u4e13\u4e1a\u5de5\u7a0b", "\u4e13\u4e1a\u670d\u52a1", "\u4e13\u4e1a\u8fde\u9501\u2161", "\u4e13\u7528\u8bbe\u5907", "\u4e2a\u62a4\u7528\u54c1", "\u4e2d\u836f\u2161", "\u4e58\u7528\u8f66", "\u4e92\u8054\u7f51\u7535\u5546", "\u4f11\u95f2\u98df\u54c1", "\u4f53\u80b2\u2161", "\u4fdd\u9669\u2161", "\u5143\u4ef6", "\u5149\u4f0f\u8bbe\u5907", "\u5149\u5b66\u5149\u7535\u5b50", "\u5176\u4ed6\u5bb6\u7535\u2161", "\u5176\u4ed6\u7535\u5b50\u2161", "\u5176\u4ed6\u7535\u6e90\u8bbe\u5907\u2161", "\u517b\u6b96\u4e1a", "\u519b\u5de5\u7535\u5b50\u2161", "\u519c\u4e1a\u7efc\u5408\u2161", "\u519c\u4ea7\u54c1\u52a0\u5de5", "\u519c\u5316\u5236\u54c1", "\u519c\u5546\u884c\u2161", "\u51b6\u94a2\u539f\u6599", "\u51fa\u7248", "\u52a8\u7269\u4fdd\u5065\u2161", "\u5305\u88c5\u5370\u5237", "\u5316\u5986\u54c1", "\u5316\u5b66\u5236\u54c1", "\u5316\u5b66\u5236\u836f", "\u5316\u5b66\u539f\u6599", "\u5316\u5b66\u7ea4\u7ef4", "\u533b\u7597\u5668\u68b0", "\u533b\u7597\u670d\u52a1", "\u533b\u836f\u5546\u4e1a", "\u534a\u5bfc\u4f53", "\u53a8\u536b\u7535\u5668", "\u5546\u7528\u8f66", "\u5730\u9762\u5175\u88c5\u2161", "\u57ce\u5546\u884c\u2161", "\u57fa\u7840\u5efa\u8bbe", "\u5851\u6599", "\u591a\u5143\u91d1\u878d", "\u5bb6\u5c45\u7528\u54c1", "\u5bb6\u7535\u96f6\u90e8\u4ef6\u2161", "\u5c0f\u5bb6\u7535", "\u5c0f\u91d1\u5c5e", "\u5de5\u4e1a\u91d1\u5c5e", "\u5de5\u7a0b\u54a8\u8be2\u670d\u52a1\u2161", "\u5de5\u7a0b\u673a\u68b0", "\u5e7f\u544a\u8425\u9500", "\u5f71\u89c6\u9662\u7ebf", "\u623f\u5730\u4ea7\u5f00\u53d1", "\u623f\u5730\u4ea7\u670d\u52a1", "\u623f\u5c4b\u5efa\u8bbe\u2161", "\u6469\u6258\u8f66\u53ca\u5176\u4ed6", "\u6559\u80b2", "\u6570\u5b57\u5a92\u4f53", "\u6587\u5a31\u7528\u54c1", "\u65c5\u6e38\u53ca\u666f\u533a", "\u65c5\u6e38\u96f6\u552e\u2161", "\u666e\u94a2", "\u670d\u88c5\u5bb6\u7eba", "\u6797\u4e1a\u2161", "\u6a61\u80f6", "\u6c34\u6ce5", "\u6c7d\u8f66\u670d\u52a1", "\u6c7d\u8f66\u96f6\u90e8\u4ef6", "\u6cb9\u670d\u5de5\u7a0b", "\u6cb9\u6c14\u5f00\u91c7\u2161", "\u6d88\u8d39\u7535\u5b50", "\u6e14\u4e1a", "\u6e38\u620f\u2161", "\u70bc\u5316\u53ca\u8d38\u6613", "\u7126\u70ad\u2161", "\u7164\u70ad\u5f00\u91c7", "\u7167\u660e\u8bbe\u5907\u2161", "\u71c3\u6c14\u2161", "\u7269\u6d41", "\u7279\u94a2\u2161", "\u73af\u4fdd\u8bbe\u5907\u2161", "\u73af\u5883\u6cbb\u7406", "\u73bb\u7483\u73bb\u7ea4", "\u751f\u7269\u5236\u54c1", "\u7535\u529b", "\u7535\u5b50\u5316\u5b66\u54c1\u2161", "\u7535\u673a\u2161", "\u7535\u6c60", "\u7535\u7f51\u8bbe\u5907", "\u7535\u89c6\u5e7f\u64ad\u2161", "\u767d\u8272\u5bb6\u7535", "\u767d\u9152\u2161", "\u79cd\u690d\u4e1a", "\u7eba\u7ec7\u5236\u9020", "\u7efc\u5408\u2161", "\u80a1\u4efd\u5236\u94f6\u884c\u2161", "\u80fd\u6e90\u91d1\u5c5e", "\u81ea\u52a8\u5316\u8bbe\u5907", "\u822a\u5929\u88c5\u5907\u2161", "\u822a\u6d77\u88c5\u5907\u2161", "\u822a\u7a7a\u673a\u573a", "\u822a\u7a7a\u88c5\u5907\u2161", "\u822a\u8fd0\u6e2f\u53e3", "\u88c5\u4fee\u5efa\u6750", "\u88c5\u4fee\u88c5\u9970\u2161", "\u8ba1\u7b97\u673a\u8bbe\u5907", "\u8bc1\u5238\u2161", "\u8c03\u5473\u53d1\u9175\u54c1\u2161", "\u8d35\u91d1\u5c5e", "\u8d38\u6613\u2161", "\u8f68\u4ea4\u8bbe\u5907\u2161", "\u8f6f\u4ef6\u5f00\u53d1", "\u901a\u4fe1\u670d\u52a1", "\u901a\u4fe1\u8bbe\u5907", "\u901a\u7528\u8bbe\u5907", "\u9020\u7eb8", "\u9152\u5e97\u9910\u996e", "\u91d1\u5c5e\u65b0\u6750\u6599", "\u94c1\u8def\u516c\u8def", "\u975e\u767d\u9152", "\u975e\u91d1\u5c5e\u6750\u6599\u2161", "\u98ce\u7535\u8bbe\u5907", "\u98df\u54c1\u52a0\u5de5", "\u996e\u6599\u4e73\u54c1", "\u9970\u54c1", "\u9972\u6599", "\u9ed1\u8272\u5bb6\u7535"]]
