001206
001208
001210
001211
001212
001215
001216
001221
001222
001223
001225
001227
001229
001230
001233
001236
001237
001248
001256
001257
001258
001259
001266
001267
001268
001270
001280
001283
001286
001287
002067
002068
002072
002073
002074
002075
002077
002078
002079
002080
002081
002082
002083
002084
002085
002086
002090
002091
002092
002093
002094
002096
002097
002099
002100
002101
002104
002106
002107
002108
002294
002296
002297
002298
002299
002300
002301
002303
002304
002307
002309
002310
002311
002312
002313
002315
002316
002317
002318
002319
002320
002323
002324
002326
002328
002329
002332
002333
002334
002335
002892
002893
002895
002896
002897
002899
002900
002901
002902
002903
002906
002907
002910
002911
002912
002913
002915
002916
002918
002919
002920
002921
002922
002923
002925
002926
002927
002928
002929
002930
002931
002935
002936
002937
002938
002939
002940
002941
002943
002945
002946
002947
002948
002950
002951
002952
002953
002955
002956
002957
002958
002960
002961
002962
002963
002965
002966
002967
002969
002970
300128
300129
300130
300131
300132
300133
300134
300135
300136
300137
300138
300139
300140
300141
300142
300143
300144
300145
300146
300147
300148
300149
300151
300153
300154
300157
300158
300159
300161
300162
300286
300287
300290
300291
300292
300293
300294
300296
300298
300299
300300
300302
300303
300304
300307
300308
300310
300311
300315
300316
300317
300319
300320
300321
300322
300323
300324
300327
300328
300331
300568
300569
300570
300571
300572
300573
300575
300576
300577
300578
300579
300580
300581
300582
300584
300585
300586
300587
300588
300589
300590
300591
300592
300593
300595
300596
300598
300599
300600
300601
300793
300795
300797
300798
300801
300802
300803
300804
300805
300806
300807
300809
300810
300811
300812
300814
300815
300816
300818
300819
300820
300821
300823
300825
300826
300827
300828
300830
300831
300832
301172
301175
301176
301178
301179
301181
301182
301183
301186
301188
301189
301190
301191
301193
301196
301197
301198
301200
301201
301202
301205
301207
301209
301210
301211
301213
301215
301216
301217
301218
301381
301382
301387
301389
301391
301392
301393
301396
301397
301398
301408
301413
301418
301419
301421
301428
301439
301448
301458
301468
301479
301486
301487
301488
301489
301498
301499
301500
301502
301509
600803
600808
600809
600810
600812
600815
600816
600820
600821
600825
600827
600828
600829
600835
600838
600839
600841
600844
600845
600846
600848
600850
600851
600855
600857
600859
600862
600863
600864
600865
688399
688400
688401
688403
688408
688409
688410
688411
688416
688418
688419
688425
688428
688432
688433
688439
688443
688448
688449
688450
688456
688458
688469
688472
688475
688478
688479
688480
688484
688485
920018
920021
920045
920046
920047
920072
920077
920079
920081
920083
920088
920111
920116
920117
920125
920126
920130
920136
920139
920161
920169
920178
920179
920181
920185
920186
920189
920190
920193
920198
920199
920200
920207
920211
920222
920238
920249
920266
920267
920299
920367
920368
920394
920402
920438
920478
920491
920493
920510
920522
920571
920576
920593
920640
920699
920701
920725
920735
920790
920799
920808
920809
920821
920925
920943
920971
920981
920982